-2503300	3500600
-2503300	3499400
-2502200	3499400
-2502200	3500600
-2503300	3500600
-2502150	3500600
-2502150	3499400
-2502100	3499400
-2502100	3500600
-2502150	3500600
-2502050	3500600
-2502050	3499400
-2501950	3499400
-2501950	3500600
-2502050	3500600
-2501900	3500600
-2501900	3499400
-2501750	3499400
-2501750	3500600
-2501900	3500600
-2501700	3500600
-2501700	3499400
-2501500	3499400
-2501500	3500600
-2501700	3500600
-2501450	3500600
-2501450	3499400
-2500950	3499400
-2500950	3500600
-2501450	3500600
-2500900	3500600
-2500900	3499400
-2499900	3499400
-2499900	3500600
-2500900	3500600
-2499850	3500600
-2499850	3499400
-2497850	3499400
-2497850	3500600
-2499850	3500600
-2497800	3500600
-2497800	3499400
-2496700	3499400
-2496700	3500600
-2497800	3500600
-2503300	3500600
0	0

-1503500	3500600
-1503500	3499400
-1502400	3499400
-1502400	3500600
-1503500	3500600
-1502300	3500600
-1502300	3499400
-1502250	3499400
-1502250	3500600
-1502300	3500600
-1502150	3500600
-1502150	3499400
-1502050	3499400
-1502050	3500600
-1502150	3500600
-1501950	3500600
-1501950	3499400
-1501800	3499400
-1501800	3500600
-1501950	3500600
-1501700	3500600
-1501700	3499400
-1501500	3499400
-1501500	3500600
-1501700	3500600
-1501400	3500600
-1501400	3499400
-1500900	3499400
-1500900	3500600
-1501400	3500600
-1500800	3500600
-1500800	3499400
-1499800	3499400
-1499800	3500600
-1500800	3500600
-1499700	3500600
-1499700	3499400
-1497700	3499400
-1497700	3500600
-1499700	3500600
-1497600	3500600
-1497600	3499400
-1496500	3499400
-1496500	3500600
-1497600	3500600
-1503500	3500600
0	0

-503900	3500600
-503900	3499400
-502800	3499400
-502800	3500600
-503900	3500600
-502600	3500600
-502600	3499400
-502550	3499400
-502550	3500600
-502600	3500600
-502350	3500600
-502350	3499400
-502250	3499400
-502250	3500600
-502350	3500600
-502050	3500600
-502050	3499400
-501900	3499400
-501900	3500600
-502050	3500600
-501700	3500600
-501700	3499400
-501500	3499400
-501500	3500600
-501700	3500600
-501300	3500600
-501300	3499400
-500800	3499400
-500800	3500600
-501300	3500600
-500600	3500600
-500600	3499400
-499600	3499400
-499600	3500600
-500600	3500600
-499400	3500600
-499400	3499400
-497400	3499400
-497400	3500600
-499400	3500600
-497200	3500600
-497200	3499400
-496100	3499400
-496100	3500600
-497200	3500600
-503900	3500600
0	0

494900	3500600
494900	3499400
496000	3499400
496000	3500600
494900	3500600
496500	3500600
496500	3499400
496550	3499400
496550	3500600
496500	3500600
497050	3500600
497050	3499400
497150	3499400
497150	3500600
497050	3500600
497650	3500600
497650	3499400
497800	3499400
497800	3500600
497650	3500600
498300	3500600
498300	3499400
498500	3499400
498500	3500600
498300	3500600
499000	3500600
499000	3499400
499500	3499400
499500	3500600
499000	3500600
500000	3500600
500000	3499400
501000	3499400
501000	3500600
500000	3500600
501500	3500600
501500	3499400
503500	3499400
503500	3500600
501500	3500600
504000	3500600
504000	3499400
505100	3499400
505100	3500600
504000	3500600
494900	3500600
0	0

-2503300	2501100
-2503300	2498900
-2502200	2498900
-2502200	2501100
-2503300	2501100
-2502150	2501100
-2502150	2498900
-2502100	2498900
-2502100	2501100
-2502150	2501100
-2502050	2501100
-2502050	2498900
-2501950	2498900
-2501950	2501100
-2502050	2501100
-2501900	2501100
-2501900	2498900
-2501750	2498900
-2501750	2501100
-2501900	2501100
-2501700	2501100
-2501700	2498900
-2501500	2498900
-2501500	2501100
-2501700	2501100
-2501450	2501100
-2501450	2498900
-2500950	2498900
-2500950	2501100
-2501450	2501100
-2500900	2501100
-2500900	2498900
-2499900	2498900
-2499900	2501100
-2500900	2501100
-2499850	2501100
-2499850	2498900
-2497850	2498900
-2497850	2501100
-2499850	2501100
-2497800	2501100
-2497800	2498900
-2496700	2498900
-2496700	2501100
-2497800	2501100
-2503300	2501100
0	0

-1503500	2501100
-1503500	2498900
-1502400	2498900
-1502400	2501100
-1503500	2501100
-1502300	2501100
-1502300	2498900
-1502250	2498900
-1502250	2501100
-1502300	2501100
-1502150	2501100
-1502150	2498900
-1502050	2498900
-1502050	2501100
-1502150	2501100
-1501950	2501100
-1501950	2498900
-1501800	2498900
-1501800	2501100
-1501950	2501100
-1501700	2501100
-1501700	2498900
-1501500	2498900
-1501500	2501100
-1501700	2501100
-1501400	2501100
-1501400	2498900
-1500900	2498900
-1500900	2501100
-1501400	2501100
-1500800	2501100
-1500800	2498900
-1499800	2498900
-1499800	2501100
-1500800	2501100
-1499700	2501100
-1499700	2498900
-1497700	2498900
-1497700	2501100
-1499700	2501100
-1497600	2501100
-1497600	2498900
-1496500	2498900
-1496500	2501100
-1497600	2501100
-1503500	2501100
0	0

-503900	2501100
-503900	2498900
-502800	2498900
-502800	2501100
-503900	2501100
-502600	2501100
-502600	2498900
-502550	2498900
-502550	2501100
-502600	2501100
-502350	2501100
-502350	2498900
-502250	2498900
-502250	2501100
-502350	2501100
-502050	2501100
-502050	2498900
-501900	2498900
-501900	2501100
-502050	2501100
-501700	2501100
-501700	2498900
-501500	2498900
-501500	2501100
-501700	2501100
-501300	2501100
-501300	2498900
-500800	2498900
-500800	2501100
-501300	2501100
-500600	2501100
-500600	2498900
-499600	2498900
-499600	2501100
-500600	2501100
-499400	2501100
-499400	2498900
-497400	2498900
-497400	2501100
-499400	2501100
-497200	2501100
-497200	2498900
-496100	2498900
-496100	2501100
-497200	2501100
-503900	2501100
0	0

494900	2501100
494900	2498900
496000	2498900
496000	2501100
494900	2501100
496500	2501100
496500	2498900
496550	2498900
496550	2501100
496500	2501100
497050	2501100
497050	2498900
497150	2498900
497150	2501100
497050	2501100
497650	2501100
497650	2498900
497800	2498900
497800	2501100
497650	2501100
498300	2501100
498300	2498900
498500	2498900
498500	2501100
498300	2501100
499000	2501100
499000	2498900
499500	2498900
499500	2501100
499000	2501100
500000	2501100
500000	2498900
501000	2498900
501000	2501100
500000	2501100
501500	2501100
501500	2498900
503500	2498900
503500	2501100
501500	2501100
504000	2501100
504000	2498900
505100	2498900
505100	2501100
504000	2501100
494900	2501100
0	0

-2503300	1502600
-2503300	1497400
-2502200	1497400
-2502200	1502600
-2503300	1502600
-2502150	1502600
-2502150	1497400
-2502100	1497400
-2502100	1502600
-2502150	1502600
-2502050	1502600
-2502050	1497400
-2501950	1497400
-2501950	1502600
-2502050	1502600
-2501900	1502600
-2501900	1497400
-2501750	1497400
-2501750	1502600
-2501900	1502600
-2501700	1502600
-2501700	1497400
-2501500	1497400
-2501500	1502600
-2501700	1502600
-2501450	1502600
-2501450	1497400
-2500950	1497400
-2500950	1502600
-2501450	1502600
-2500900	1502600
-2500900	1497400
-2499900	1497400
-2499900	1502600
-2500900	1502600
-2499850	1502600
-2499850	1497400
-2497850	1497400
-2497850	1502600
-2499850	1502600
-2497800	1502600
-2497800	1497400
-2496700	1497400
-2496700	1502600
-2497800	1502600
-2503300	1502600
0	0

-1503500	1502600
-1503500	1497400
-1502400	1497400
-1502400	1502600
-1503500	1502600
-1502300	1502600
-1502300	1497400
-1502250	1497400
-1502250	1502600
-1502300	1502600
-1502150	1502600
-1502150	1497400
-1502050	1497400
-1502050	1502600
-1502150	1502600
-1501950	1502600
-1501950	1497400
-1501800	1497400
-1501800	1502600
-1501950	1502600
-1501700	1502600
-1501700	1497400
-1501500	1497400
-1501500	1502600
-1501700	1502600
-1501400	1502600
-1501400	1497400
-1500900	1497400
-1500900	1502600
-1501400	1502600
-1500800	1502600
-1500800	1497400
-1499800	1497400
-1499800	1502600
-1500800	1502600
-1499700	1502600
-1499700	1497400
-1497700	1497400
-1497700	1502600
-1499700	1502600
-1497600	1502600
-1497600	1497400
-1496500	1497400
-1496500	1502600
-1497600	1502600
-1503500	1502600
0	0

-503900	1502600
-503900	1497400
-502800	1497400
-502800	1502600
-503900	1502600
-502600	1502600
-502600	1497400
-502550	1497400
-502550	1502600
-502600	1502600
-502350	1502600
-502350	1497400
-502250	1497400
-502250	1502600
-502350	1502600
-502050	1502600
-502050	1497400
-501900	1497400
-501900	1502600
-502050	1502600
-501700	1502600
-501700	1497400
-501500	1497400
-501500	1502600
-501700	1502600
-501300	1502600
-501300	1497400
-500800	1497400
-500800	1502600
-501300	1502600
-500600	1502600
-500600	1497400
-499600	1497400
-499600	1502600
-500600	1502600
-499400	1502600
-499400	1497400
-497400	1497400
-497400	1502600
-499400	1502600
-497200	1502600
-497200	1497400
-496100	1497400
-496100	1502600
-497200	1502600
-503900	1502600
0	0

494900	1502600
494900	1497400
496000	1497400
496000	1502600
494900	1502600
496500	1502600
496500	1497400
496550	1497400
496550	1502600
496500	1502600
497050	1502600
497050	1497400
497150	1497400
497150	1502600
497050	1502600
497650	1502600
497650	1497400
497800	1497400
497800	1502600
497650	1502600
498300	1502600
498300	1497400
498500	1497400
498500	1502600
498300	1502600
499000	1502600
499000	1497400
499500	1497400
499500	1502600
499000	1502600
500000	1502600
500000	1497400
501000	1497400
501000	1502600
500000	1502600
501500	1502600
501500	1497400
503500	1497400
503500	1502600
501500	1502600
504000	1502600
504000	1497400
505100	1497400
505100	1502600
504000	1502600
494900	1502600
0	0

-2503300	505100
-2503300	494900
-2502200	494900
-2502200	505100
-2503300	505100
-2502150	505100
-2502150	494900
-2502100	494900
-2502100	505100
-2502150	505100
-2502050	505100
-2502050	494900
-2501950	494900
-2501950	505100
-2502050	505100
-2501900	505100
-2501900	494900
-2501750	494900
-2501750	505100
-2501900	505100
-2501700	505100
-2501700	494900
-2501500	494900
-2501500	505100
-2501700	505100
-2501450	505100
-2501450	494900
-2500950	494900
-2500950	505100
-2501450	505100
-2500900	505100
-2500900	494900
-2499900	494900
-2499900	505100
-2500900	505100
-2499850	505100
-2499850	494900
-2497850	494900
-2497850	505100
-2499850	505100
-2497800	505100
-2497800	494900
-2496700	494900
-2496700	505100
-2497800	505100
-2503300	505100
0	0

-1503500	505100
-1503500	494900
-1502400	494900
-1502400	505100
-1503500	505100
-1502300	505100
-1502300	494900
-1502250	494900
-1502250	505100
-1502300	505100
-1502150	505100
-1502150	494900
-1502050	494900
-1502050	505100
-1502150	505100
-1501950	505100
-1501950	494900
-1501800	494900
-1501800	505100
-1501950	505100
-1501700	505100
-1501700	494900
-1501500	494900
-1501500	505100
-1501700	505100
-1501400	505100
-1501400	494900
-1500900	494900
-1500900	505100
-1501400	505100
-1500800	505100
-1500800	494900
-1499800	494900
-1499800	505100
-1500800	505100
-1499700	505100
-1499700	494900
-1497700	494900
-1497700	505100
-1499700	505100
-1497600	505100
-1497600	494900
-1496500	494900
-1496500	505100
-1497600	505100
-1503500	505100
0	0

-503900	505100
-503900	494900
-502800	494900
-502800	505100
-503900	505100
-502600	505100
-502600	494900
-502550	494900
-502550	505100
-502600	505100
-502350	505100
-502350	494900
-502250	494900
-502250	505100
-502350	505100
-502050	505100
-502050	494900
-501900	494900
-501900	505100
-502050	505100
-501700	505100
-501700	494900
-501500	494900
-501500	505100
-501700	505100
-501300	505100
-501300	494900
-500800	494900
-500800	505100
-501300	505100
-500600	505100
-500600	494900
-499600	494900
-499600	505100
-500600	505100
-499400	505100
-499400	494900
-497400	494900
-497400	505100
-499400	505100
-497200	505100
-497200	494900
-496100	494900
-496100	505100
-497200	505100
-503900	505100
0	0

494900	505100
494900	494900
496000	494900
496000	505100
494900	505100
496500	505100
496500	494900
496550	494900
496550	505100
496500	505100
497050	505100
497050	494900
497150	494900
497150	505100
497050	505100
497650	505100
497650	494900
497800	494900
497800	505100
497650	505100
498300	505100
498300	494900
498500	494900
498500	505100
498300	505100
499000	505100
499000	494900
499500	494900
499500	505100
499000	505100
500000	505100
500000	494900
501000	494900
501000	505100
500000	505100
501500	505100
501500	494900
503500	494900
503500	505100
501500	505100
504000	505100
504000	494900
505100	494900
505100	505100
504000	505100
494900	505100
0	0

1400000	3505500
1400000	3494500
1600000	3494500
1600000	3505500
1400000	3505500
0	0

1400000	2508000
1400000	2492000
1600000	2492000
1600000	2508000
1400000	2508000
0	0

1400000	1513000
1400000	1487000
1600000	1487000
1600000	1513000
1400000	1513000
0	0

1400000	528000
1400000	472000
1600000	472000
1600000	528000
1400000	528000
0	0

1500000	-400000
1501250	-398750
1501250	-380000
1498750	-380000
1498750	-398750
1480000	-398750
1480000	-401250
1498750	-401250
1498750	-420000
1501250	-420000
1501250	-401250
1520000	-401250
1520000	-398750
1501250	-398750
1500000	-400000
0	0

2500000	-400000
2501250	-398750
2501250	-350000
2498750	-350000
2498750	-398750
2450000	-398750
2450000	-401250
2498750	-401250
2498750	-450000
2501250	-450000
2501250	-401250
2550000	-401250
2550000	-398750
2501250	-398750
2500000	-400000
0	0

1500000	-1400000
1502750	-1397250
1502750	-1380000
1497250	-1380000
1497250	-1397250
1480000	-1397250
1480000	-1402750
1497250	-1402750
1497250	-1420000
1502750	-1420000
1502750	-1402750
1520000	-1402750
1520000	-1397250
1502750	-1397250
1500000	-1400000
0	0

2500000	-1400000
2502750	-1397250
2502750	-1350000
2497250	-1350000
2497250	-1397250
2450000	-1397250
2450000	-1402750
2497250	-1402750
2497250	-1450000
2502750	-1450000
2502750	-1402750
2550000	-1402750
2550000	-1397250
2502750	-1397250
2500000	-1400000
0	0

1500000	-2400000
1505250	-2394750
1505250	-2380000
1494750	-2380000
1494750	-2394750
1480000	-2394750
1480000	-2405250
1494750	-2405250
1494750	-2420000
1505250	-2420000
1505250	-2405250
1520000	-2405250
1520000	-2394750
1505250	-2394750
1500000	-2400000
0	0

2500000	-2400000
2505250	-2394750
2505250	-2350000
2494750	-2350000
2494750	-2394750
2450000	-2394750
2450000	-2405250
2494750	-2405250
2494750	-2450000
2505250	-2450000
2505250	-2405250
2550000	-2405250
2550000	-2394750
2505250	-2394750
2500000	-2400000
0	0

1500000	-3400000
1510250	-3389750
1510250	-3380000
1489750	-3380000
1489750	-3389750
1480000	-3389750
1480000	-3410250
1489750	-3410250
1489750	-3420000
1510250	-3420000
1510250	-3410250
1520000	-3410250
1520000	-3389750
1510250	-3389750
1500000	-3400000
0	0

2500000	-3400000
2510250	-3389750
2510250	-3350000
2489750	-3350000
2489750	-3389750
2450000	-3389750
2450000	-3410250
2489750	-3410250
2489750	-3450000
2510250	-3450000
2510250	-3410250
2550000	-3410250
2550000	-3389750
2510250	-3389750
2500000	-3400000
0	0

-1461415	-399725
-1461415	-399725
-1513584	-399725
-1514824	-399755
-1516061	-399846
-1517292	-399998
-1518514	-400210
-1519725	-400482
-1520921	-400813
-1522098	-401202
-1523256	-401648
-1524390	-402151
-1525498	-402709
-1526578	-403320
-1527626	-403984
-1528640	-404698
-1529618	-405462
-1530557	-406272
-1531456	-407127
-1532311	-408026
-1533121	-408965
-1533885	-409943
-1534599	-410957
-1535263	-412006
-1535874	-413085
-1536432	-414193
-1536935	-415327
-1537381	-416485
-1537770	-417663
-1538101	-418858
-1538373	-420069
-1538585	-421291
-1538737	-422522
-1538828	-423759
-1538859	-425000
-1538828	-426240
-1538737	-427477
-1538585	-428708
-1538373	-429930
-1538101	-431141
-1537770	-432336
-1537381	-433514
-1536935	-434672
-1536432	-435806
-1535874	-436914
-1535263	-437993
-1534599	-439042
-1533885	-440056
-1533121	-441034
-1532311	-441973
-1531456	-442872
-1530557	-443727
-1529618	-444537
-1528640	-445301
-1527626	-446015
-1526578	-446679
-1525498	-447290
-1524390	-447848
-1523256	-448351
-1522098	-448797
-1520921	-449186
-1519725	-449517
-1518514	-449789
-1517292	-450001
-1516061	-450153
-1514824	-450244
-1513584	-450275
-1486415	-450275
-1485202	-450304
-1483992	-450394
-1482788	-450542
-1481592	-450750
-1480408	-451015
-1479238	-451339
-1478086	-451720
-1476954	-452157
-1475844	-452648
-1474760	-453194
-1473704	-453792
-1472679	-454441
-1471687	-455140
-1470730	-455887
-1469811	-456679
-1468932	-457516
-1468095	-458395
-1467303	-459314
-1466556	-460271
-1465857	-461263
-1465208	-462288
-1464610	-463344
-1464064	-464428
-1463573	-465538
-1463136	-466670
-1462755	-467822
-1462431	-468992
-1462166	-470176
-1461958	-471372
-1461809	-472576
-1461720	-473786
-1461690	-475000
-1461720	-476213
-1461809	-477423
-1461958	-478627
-1462166	-479823
-1462431	-481007
-1462755	-482177
-1463136	-483329
-1463573	-484461
-1464064	-485571
-1464610	-486655
-1465208	-487711
-1465857	-488736
-1466556	-489728
-1467303	-490685
-1468095	-491604
-1468932	-492483
-1469811	-493320
-1470730	-494112
-1471687	-494859
-1472679	-495558
-1473704	-496207
-1474760	-496805
-1475844	-497351
-1476954	-497842
-1478086	-498279
-1479238	-498660
-1480408	-498984
-1481592	-499249
-1482788	-499457
-1483992	-499605
-1485202	-499695
-1486415	-499725
-1513584	-499725
-1514824	-499755
-1516061	-499846
-1517292	-499998
-1518514	-500210
-1519725	-500482
-1520921	-500813
-1522098	-501202
-1523256	-501648
-1524390	-502151
-1525498	-502709
-1526578	-503320
-1527626	-503984
-1528640	-504698
-1529618	-505462
-1530557	-506272
-1531456	-507127
-1532311	-508026
-1533121	-508965
-1533885	-509943
-1534599	-510957
-1535263	-512006
-1535874	-513085
-1536432	-514193
-1536935	-515327
-1537381	-516485
-1537770	-517663
-1538101	-518858
-1538373	-520069
-1538585	-521291
-1538737	-522522
-1538828	-523759
-1538859	-525000
-1538828	-526240
-1538737	-527477
-1538585	-528708
-1538373	-529930
-1538101	-531141
-1537770	-532336
-1537381	-533514
-1536935	-534672
-1536432	-535806
-1535874	-536914
-1535263	-537993
-1534599	-539042
-1533885	-540056
-1533121	-541034
-1532311	-541973
-1531456	-542872
-1530557	-543727
-1529618	-544537
-1528640	-545301
-1527626	-546015
-1526578	-546679
-1525498	-547290
-1524390	-547848
-1523256	-548351
-1522098	-548797
-1520921	-549186
-1519725	-549517
-1518514	-549789
-1517292	-550001
-1516061	-550153
-1514824	-550244
-1513584	-550275
-1486415	-550275
-1485202	-550304
-1483992	-550394
-1482788	-550542
-1481592	-550750
-1480408	-551015
-1479238	-551339
-1478086	-551720
-1476954	-552157
-1475844	-552648
-1474760	-553194
-1473704	-553792
-1472679	-554441
-1471687	-555140
-1470730	-555887
-1469811	-556679
-1468932	-557516
-1468095	-558395
-1467303	-559314
-1466556	-560271
-1465857	-561263
-1465208	-562288
-1464610	-563344
-1464064	-564428
-1463573	-565538
-1463136	-566670
-1462755	-567822
-1462431	-568992
-1462166	-570176
-1461958	-571372
-1461809	-572576
-1461720	-573786
-1461690	-575000
-1461720	-576213
-1461809	-577423
-1461958	-578627
-1462166	-579823
-1462431	-581007
-1462755	-582177
-1463136	-583329
-1463573	-584461
-1464064	-585571
-1464610	-586655
-1465208	-587711
-1465857	-588736
-1466556	-589728
-1467303	-590685
-1468095	-591604
-1468932	-592483
-1469811	-593320
-1470730	-594112
-1471687	-594859
-1472679	-595558
-1473704	-596207
-1474760	-596805
-1475844	-597351
-1476954	-597842
-1478086	-598279
-1479238	-598660
-1480408	-598984
-1481592	-599249
-1482788	-599457
-1483992	-599605
-1485202	-599695
-1486415	-599725
-1513584	-599725
-1538584	-599725
-1538584	-600275
-1486415	-600275
-1485175	-600244
-1483938	-600153
-1482707	-600001
-1481485	-599789
-1480274	-599517
-1479078	-599186
-1477901	-598797
-1476743	-598351
-1475609	-597848
-1474501	-597290
-1473421	-596679
-1472373	-596015
-1471359	-595301
-1470381	-594537
-1469442	-593727
-1468543	-592872
-1467688	-591973
-1466878	-591034
-1466114	-590056
-1465400	-589042
-1464736	-587993
-1464125	-586914
-1463567	-585806
-1463064	-584672
-1462618	-583514
-1462229	-582336
-1461898	-581141
-1461626	-579930
-1461414	-578708
-1461262	-577477
-1461171	-576240
-1461140	-575000
-1461171	-573759
-1461262	-572522
-1461414	-571291
-1461626	-570069
-1461898	-568858
-1462229	-567663
-1462618	-566485
-1463064	-565327
-1463567	-564193
-1464125	-563085
-1464736	-562006
-1465400	-560957
-1466114	-559943
-1466878	-558965
-1467688	-558026
-1468543	-557127
-1469442	-556272
-1470381	-555462
-1471359	-554698
-1472373	-553984
-1473421	-553320
-1474501	-552709
-1475609	-552151
-1476743	-551648
-1477901	-551202
-1479078	-550813
-1480274	-550482
-1481485	-550210
-1482707	-549998
-1483938	-549846
-1485175	-549755
-1486415	-549725
-1513584	-549725
-1514797	-549695
-1516007	-549605
-1517211	-549457
-1518407	-549249
-1519591	-548984
-1520761	-548660
-1521913	-548279
-1523045	-547842
-1524155	-547351
-1525239	-546805
-1526295	-546207
-1527320	-545558
-1528312	-544859
-1529269	-544112
-1530188	-543320
-1531067	-542483
-1531904	-541604
-1532696	-540685
-1533443	-539728
-1534142	-538736
-1534791	-537711
-1535389	-536655
-1535935	-535571
-1536426	-534461
-1536863	-533329
-1537244	-532177
-1537568	-531007
-1537833	-529823
-1538041	-528627
-1538190	-527423
-1538279	-526213
-1538309	-525000
-1538279	-523786
-1538190	-522576
-1538041	-521372
-1537833	-520176
-1537568	-518992
-1537244	-517822
-1536863	-516670
-1536426	-515538
-1535935	-514428
-1535389	-513344
-1534791	-512288
-1534142	-511263
-1533443	-510271
-1532696	-509314
-1531904	-508395
-1531067	-507516
-1530188	-506679
-1529269	-505887
-1528312	-505140
-1527320	-504441
-1526295	-503792
-1525239	-503194
-1524155	-502648
-1523045	-502157
-1521913	-501720
-1520761	-501339
-1519591	-501015
-1518407	-500750
-1517211	-500542
-1516007	-500394
-1514797	-500304
-1513584	-500275
-1486415	-500275
-1485175	-500244
-1483938	-500153
-1482707	-500001
-1481485	-499789
-1480274	-499517
-1479078	-499186
-1477901	-498797
-1476743	-498351
-1475609	-497848
-1474501	-497290
-1473421	-496679
-1472373	-496015
-1471359	-495301
-1470381	-494537
-1469442	-493727
-1468543	-492872
-1467688	-491973
-1466878	-491034
-1466114	-490056
-1465400	-489042
-1464736	-487993
-1464125	-486914
-1463567	-485806
-1463064	-484672
-1462618	-483514
-1462229	-482336
-1461898	-481141
-1461626	-479930
-1461414	-478708
-1461262	-477477
-1461171	-476240
-1461140	-475000
-1461171	-473759
-1461262	-472522
-1461414	-471291
-1461626	-470069
-1461898	-468858
-1462229	-467663
-1462618	-466485
-1463064	-465327
-1463567	-464193
-1464125	-463085
-1464736	-462006
-1465400	-460957
-1466114	-459943
-1466878	-458965
-1467688	-458026
-1468543	-457127
-1469442	-456272
-1470381	-455462
-1471359	-454698
-1472373	-453984
-1473421	-453320
-1474501	-452709
-1475609	-452151
-1476743	-451648
-1477901	-451202
-1479078	-450813
-1480274	-450482
-1481485	-450210
-1482707	-449998
-1483938	-449846
-1485175	-449755
-1486415	-449725
-1513584	-449725
-1514797	-449695
-1516007	-449605
-1517211	-449457
-1518407	-449249
-1519591	-448984
-1520761	-448660
-1521913	-448279
-1523045	-447842
-1524155	-447351
-1525239	-446805
-1526295	-446207
-1527320	-445558
-1528312	-444859
-1529269	-444112
-1530188	-443320
-1531067	-442483
-1531904	-441604
-1532696	-440685
-1533443	-439728
-1534142	-438736
-1534791	-437711
-1535389	-436655
-1535935	-435571
-1536426	-434461
-1536863	-433329
-1537244	-432177
-1537568	-431007
-1537833	-429823
-1538041	-428627
-1538190	-427423
-1538279	-426213
-1538309	-425000
-1538279	-423786
-1538190	-422576
-1538041	-421372
-1537833	-420176
-1537568	-418992
-1537244	-417822
-1536863	-416670
-1536426	-415538
-1535935	-414428
-1535389	-413344
-1534791	-412288
-1534142	-411263
-1533443	-410271
-1532696	-409314
-1531904	-408395
-1531067	-407516
-1530188	-406679
-1529269	-405887
-1528312	-405140
-1527320	-404441
-1526295	-403792
-1525239	-403194
-1524155	-402648
-1523045	-402157
-1521913	-401720
-1520761	-401339
-1519591	-401015
-1518407	-400750
-1517211	-400542
-1516007	-400394
-1514797	-400304
-1513584	-400275
-1486415	-400275
-1461415	-400275
-1461415	-399725
0	0

588584	-399725
588584	-399725
436415	-399725
435175	-399755
433938	-399846
432707	-399998
431485	-400210
430274	-400482
429078	-400813
427901	-401202
426743	-401648
425609	-402151
424501	-402709
423421	-403320
422373	-403984
421359	-404698
420381	-405462
419442	-406272
418543	-407127
417688	-408026
416878	-408965
416114	-409943
415400	-410957
414736	-412006
414125	-413085
413567	-414193
413064	-415327
412618	-416485
412229	-417663
411898	-418858
411626	-420069
411414	-421291
411262	-422522
411171	-423759
411140	-425000
411171	-426240
411262	-427477
411414	-428708
411626	-429930
411898	-431141
412229	-432336
412618	-433514
413064	-434672
413567	-435806
414125	-436914
414736	-437993
415400	-439042
416114	-440056
416878	-441034
417688	-441973
418543	-442872
419442	-443727
420381	-444537
421359	-445301
422373	-446015
423421	-446679
424501	-447290
425609	-447848
426743	-448351
427901	-448797
429078	-449186
430274	-449517
431485	-449789
432707	-450001
433938	-450153
435175	-450244
436415	-450275
563584	-450275
564797	-450304
566007	-450394
567211	-450542
568407	-450750
569591	-451015
570761	-451339
571913	-451720
573045	-452157
574155	-452648
575239	-453194
576295	-453792
577320	-454441
578312	-455140
579269	-455887
580188	-456679
581067	-457516
581904	-458395
582696	-459314
583443	-460271
584142	-461263
584791	-462288
585389	-463344
585935	-464428
586426	-465538
586863	-466670
587244	-467822
587568	-468992
587833	-470176
588041	-471372
588190	-472576
588279	-473786
588309	-475000
588279	-476213
588190	-477423
588041	-478627
587833	-479823
587568	-481007
587244	-482177
586863	-483329
586426	-484461
585935	-485571
585389	-486655
584791	-487711
584142	-488736
583443	-489728
582696	-490685
581904	-491604
581067	-492483
580188	-493320
579269	-494112
578312	-494859
577320	-495558
576295	-496207
575239	-496805
574155	-497351
573045	-497842
571913	-498279
570761	-498660
569591	-498984
568407	-499249
567211	-499457
566007	-499605
564797	-499695
563584	-499725
436415	-499725
435175	-499755
433938	-499846
432707	-499998
431485	-500210
430274	-500482
429078	-500813
427901	-501202
426743	-501648
425609	-502151
424501	-502709
423421	-503320
422373	-503984
421359	-504698
420381	-505462
419442	-506272
418543	-507127
417688	-508026
416878	-508965
416114	-509943
415400	-510957
414736	-512006
414125	-513085
413567	-514193
413064	-515327
412618	-516485
412229	-517663
411898	-518858
411626	-520069
411414	-521291
411262	-522522
411171	-523759
411140	-525000
411171	-526240
411262	-527477
411414	-528708
411626	-529930
411898	-531141
412229	-532336
412618	-533514
413064	-534672
413567	-535806
414125	-536914
414736	-537993
415400	-539042
416114	-540056
416878	-541034
417688	-541973
418543	-542872
419442	-543727
420381	-544537
421359	-545301
422373	-546015
423421	-546679
424501	-547290
425609	-547848
426743	-548351
427901	-548797
429078	-549186
430274	-549517
431485	-549789
432707	-550001
433938	-550153
435175	-550244
436415	-550275
563584	-550275
564797	-550304
566007	-550394
567211	-550542
568407	-550750
569591	-551015
570761	-551339
571913	-551720
573045	-552157
574155	-552648
575239	-553194
576295	-553792
577320	-554441
578312	-555140
579269	-555887
580188	-556679
581067	-557516
581904	-558395
582696	-559314
583443	-560271
584142	-561263
584791	-562288
585389	-563344
585935	-564428
586426	-565538
586863	-566670
587244	-567822
587568	-568992
587833	-570176
588041	-571372
588190	-572576
588279	-573786
588309	-575000
588279	-576213
588190	-577423
588041	-578627
587833	-579823
587568	-581007
587244	-582177
586863	-583329
586426	-584461
585935	-585571
585389	-586655
584791	-587711
584142	-588736
583443	-589728
582696	-590685
581904	-591604
581067	-592483
580188	-593320
579269	-594112
578312	-594859
577320	-595558
576295	-596207
575239	-596805
574155	-597351
573045	-597842
571913	-598279
570761	-598660
569591	-598984
568407	-599249
567211	-599457
566007	-599605
564797	-599695
563584	-599725
436415	-599725
411415	-599725
411415	-600275
563584	-600275
564824	-600244
566061	-600153
567292	-600001
568514	-599789
569725	-599517
570921	-599186
572098	-598797
573256	-598351
574390	-597848
575498	-597290
576578	-596679
577626	-596015
578640	-595301
579618	-594537
580557	-593727
581456	-592872
582311	-591973
583121	-591034
583885	-590056
584599	-589042
585263	-587993
585874	-586914
586432	-585806
586935	-584672
587381	-583514
587770	-582336
588101	-581141
588373	-579930
588585	-578708
588737	-577477
588828	-576240
588859	-575000
588828	-573759
588737	-572522
588585	-571291
588373	-570069
588101	-568858
587770	-567663
587381	-566485
586935	-565327
586432	-564193
585874	-563085
585263	-562006
584599	-560957
583885	-559943
583121	-558965
582311	-558026
581456	-557127
580557	-556272
579618	-555462
578640	-554698
577626	-553984
576578	-553320
575498	-552709
574390	-552151
573256	-551648
572098	-551202
570921	-550813
569725	-550482
568514	-550210
567292	-549998
566061	-549846
564824	-549755
563584	-549725
436415	-549725
435202	-549695
433992	-549605
432788	-549457
431592	-549249
430408	-548984
429238	-548660
428086	-548279
426954	-547842
425844	-547351
424760	-546805
423704	-546207
422679	-545558
421687	-544859
420730	-544112
419811	-543320
418932	-542483
418095	-541604
417303	-540685
416556	-539728
415857	-538736
415208	-537711
414610	-536655
414064	-535571
413573	-534461
413136	-533329
412755	-532177
412431	-531007
412166	-529823
411958	-528627
411809	-527423
411720	-526213
411690	-525000
411720	-523786
411809	-522576
411958	-521372
412166	-520176
412431	-518992
412755	-517822
413136	-516670
413573	-515538
414064	-514428
414610	-513344
415208	-512288
415857	-511263
416556	-510271
417303	-509314
418095	-508395
418932	-507516
419811	-506679
420730	-505887
421687	-505140
422679	-504441
423704	-503792
424760	-503194
425844	-502648
426954	-502157
428086	-501720
429238	-501339
430408	-501015
431592	-500750
432788	-500542
433992	-500394
435202	-500304
436415	-500275
563584	-500275
564824	-500244
566061	-500153
567292	-500001
568514	-499789
569725	-499517
570921	-499186
572098	-498797
573256	-498351
574390	-497848
575498	-497290
576578	-496679
577626	-496015
578640	-495301
579618	-494537
580557	-493727
581456	-492872
582311	-491973
583121	-491034
583885	-490056
584599	-489042
585263	-487993
585874	-486914
586432	-485806
586935	-484672
587381	-483514
587770	-482336
588101	-481141
588373	-479930
588585	-478708
588737	-477477
588828	-476240
588859	-475000
588828	-473759
588737	-472522
588585	-471291
588373	-470069
588101	-468858
587770	-467663
587381	-466485
586935	-465327
586432	-464193
585874	-463085
585263	-462006
584599	-460957
583885	-459943
583121	-458965
582311	-458026
581456	-457127
580557	-456272
579618	-455462
578640	-454698
577626	-453984
576578	-453320
575498	-452709
574390	-452151
573256	-451648
572098	-451202
570921	-450813
569725	-450482
568514	-450210
567292	-449998
566061	-449846
564824	-449755
563584	-449725
436415	-449725
435202	-449695
433992	-449605
432788	-449457
431592	-449249
430408	-448984
429238	-448660
428086	-448279
426954	-447842
425844	-447351
424760	-446805
423704	-446207
422679	-445558
421687	-444859
420730	-444112
419811	-443320
418932	-442483
418095	-441604
417303	-440685
416556	-439728
415857	-438736
415208	-437711
414610	-436655
414064	-435571
413573	-434461
413136	-433329
412755	-432177
412431	-431007
412166	-429823
411958	-428627
411809	-427423
411720	-426213
411690	-425000
411720	-423786
411809	-422576
411958	-421372
412166	-420176
412431	-418992
412755	-417822
413136	-416670
413573	-415538
414064	-414428
414610	-413344
415208	-412288
415857	-411263
416556	-410271
417303	-409314
418095	-408395
418932	-407516
419811	-406679
420730	-405887
421687	-405140
422679	-404441
423704	-403792
424760	-403194
425844	-402648
426954	-402157
428086	-401720
429238	-401339
430408	-401015
431592	-400750
432788	-400542
433992	-400394
435202	-400304
436415	-400275
563584	-400275
588584	-400275
588584	-399725
0	0

-1461415	-1399700
-1461415	-1399700
-1513584	-1399700
-1514825	-1399730
-1516063	-1399821
-1517296	-1399973
-1518519	-1400186
-1519731	-1400458
-1520928	-1400789
-1522107	-1401178
-1523265	-1401625
-1524401	-1402129
-1525510	-1402687
-1526590	-1403299
-1527640	-1403963
-1528655	-1404678
-1529634	-1405442
-1530574	-1406253
-1531473	-1407110
-1532330	-1408009
-1533141	-1408949
-1533905	-1409928
-1534620	-1410944
-1535284	-1411993
-1535896	-1413073
-1536455	-1414182
-1536958	-1415318
-1537405	-1416476
-1537794	-1417655
-1538125	-1418852
-1538397	-1420064
-1538610	-1421287
-1538762	-1422520
-1538853	-1423758
-1538884	-1425000
-1538853	-1426241
-1538762	-1427479
-1538610	-1428712
-1538397	-1429935
-1538125	-1431147
-1537794	-1432344
-1537405	-1433523
-1536958	-1434681
-1536455	-1435817
-1535896	-1436926
-1535284	-1438006
-1534620	-1439055
-1533905	-1440071
-1533141	-1441050
-1532330	-1441990
-1531473	-1442889
-1530574	-1443746
-1529634	-1444557
-1528655	-1445321
-1527640	-1446036
-1526590	-1446700
-1525510	-1447312
-1524401	-1447870
-1523265	-1448374
-1522107	-1448821
-1520928	-1449210
-1519731	-1449541
-1518519	-1449813
-1517296	-1450026
-1516063	-1450178
-1514825	-1450269
-1513584	-1450300
-1486415	-1450300
-1485203	-1450329
-1483994	-1450418
-1482791	-1450567
-1481597	-1450774
-1480414	-1451040
-1479245	-1451363
-1478094	-1451743
-1476963	-1452180
-1475855	-1452671
-1474772	-1453216
-1473717	-1453814
-1472693	-1454462
-1471702	-1455160
-1470746	-1455906
-1469828	-1456698
-1468950	-1457534
-1468114	-1458412
-1467322	-1459330
-1466576	-1460286
-1465878	-1461277
-1465230	-1462301
-1464632	-1463356
-1464087	-1464439
-1463596	-1465547
-1463159	-1466678
-1462779	-1467829
-1462456	-1468998
-1462190	-1470181
-1461983	-1471375
-1461834	-1472578
-1461745	-1473788
-1461715	-1475000
-1461745	-1476211
-1461834	-1477421
-1461983	-1478624
-1462190	-1479818
-1462456	-1481001
-1462779	-1482170
-1463159	-1483321
-1463596	-1484452
-1464087	-1485560
-1464632	-1486643
-1465230	-1487698
-1465878	-1488722
-1466576	-1489713
-1467322	-1490669
-1468114	-1491587
-1468950	-1492465
-1469828	-1493301
-1470746	-1494093
-1471702	-1494839
-1472693	-1495537
-1473717	-1496185
-1474772	-1496783
-1475855	-1497328
-1476963	-1497819
-1478094	-1498256
-1479245	-1498636
-1480414	-1498959
-1481597	-1499225
-1482791	-1499432
-1483994	-1499581
-1485203	-1499670
-1486415	-1499700
-1513584	-1499700
-1514825	-1499730
-1516063	-1499821
-1517296	-1499973
-1518519	-1500186
-1519731	-1500458
-1520928	-1500789
-1522107	-1501178
-1523265	-1501625
-1524401	-1502129
-1525510	-1502687
-1526590	-1503299
-1527640	-1503963
-1528655	-1504678
-1529634	-1505442
-1530574	-1506253
-1531473	-1507110
-1532330	-1508009
-1533141	-1508949
-1533905	-1509928
-1534620	-1510944
-1535284	-1511993
-1535896	-1513073
-1536455	-1514182
-1536958	-1515318
-1537405	-1516476
-1537794	-1517655
-1538125	-1518852
-1538397	-1520064
-1538610	-1521287
-1538762	-1522520
-1538853	-1523758
-1538884	-1525000
-1538853	-1526241
-1538762	-1527479
-1538610	-1528712
-1538397	-1529935
-1538125	-1531147
-1537794	-1532344
-1537405	-1533523
-1536958	-1534681
-1536455	-1535817
-1535896	-1536926
-1535284	-1538006
-1534620	-1539055
-1533905	-1540071
-1533141	-1541050
-1532330	-1541990
-1531473	-1542889
-1530574	-1543746
-1529634	-1544557
-1528655	-1545321
-1527640	-1546036
-1526590	-1546700
-1525510	-1547312
-1524401	-1547870
-1523265	-1548374
-1522107	-1548821
-1520928	-1549210
-1519731	-1549541
-1518519	-1549813
-1517296	-1550026
-1516063	-1550178
-1514825	-1550269
-1513584	-1550300
-1486415	-1550300
-1485203	-1550329
-1483994	-1550418
-1482791	-1550567
-1481597	-1550774
-1480414	-1551040
-1479245	-1551363
-1478094	-1551743
-1476963	-1552180
-1475855	-1552671
-1474772	-1553216
-1473717	-1553814
-1472693	-1554462
-1471702	-1555160
-1470746	-1555906
-1469828	-1556698
-1468950	-1557534
-1468114	-1558412
-1467322	-1559330
-1466576	-1560286
-1465878	-1561277
-1465230	-1562301
-1464632	-1563356
-1464087	-1564439
-1463596	-1565547
-1463159	-1566678
-1462779	-1567829
-1462456	-1568998
-1462190	-1570181
-1461983	-1571375
-1461834	-1572578
-1461745	-1573788
-1461715	-1575000
-1461745	-1576211
-1461834	-1577421
-1461983	-1578624
-1462190	-1579818
-1462456	-1581001
-1462779	-1582170
-1463159	-1583321
-1463596	-1584452
-1464087	-1585560
-1464632	-1586643
-1465230	-1587698
-1465878	-1588722
-1466576	-1589713
-1467322	-1590669
-1468114	-1591587
-1468950	-1592465
-1469828	-1593301
-1470746	-1594093
-1471702	-1594839
-1472693	-1595537
-1473717	-1596185
-1474772	-1596783
-1475855	-1597328
-1476963	-1597819
-1478094	-1598256
-1479245	-1598636
-1480414	-1598959
-1481597	-1599225
-1482791	-1599432
-1483994	-1599581
-1485203	-1599670
-1486415	-1599700
-1513584	-1599700
-1538584	-1599700
-1538584	-1600300
-1486415	-1600300
-1485174	-1600269
-1483936	-1600178
-1482703	-1600026
-1481480	-1599813
-1480268	-1599541
-1479071	-1599210
-1477892	-1598821
-1476734	-1598374
-1475598	-1597870
-1474489	-1597312
-1473409	-1596700
-1472359	-1596036
-1471344	-1595321
-1470365	-1594557
-1469425	-1593746
-1468526	-1592889
-1467669	-1591990
-1466858	-1591050
-1466094	-1590071
-1465379	-1589055
-1464715	-1588006
-1464103	-1586926
-1463544	-1585817
-1463041	-1584681
-1462594	-1583523
-1462205	-1582344
-1461874	-1581147
-1461602	-1579935
-1461389	-1578712
-1461237	-1577479
-1461146	-1576241
-1461115	-1575000
-1461146	-1573758
-1461237	-1572520
-1461389	-1571287
-1461602	-1570064
-1461874	-1568852
-1462205	-1567655
-1462594	-1566476
-1463041	-1565318
-1463544	-1564182
-1464103	-1563073
-1464715	-1561993
-1465379	-1560944
-1466094	-1559928
-1466858	-1558949
-1467669	-1558009
-1468526	-1557110
-1469425	-1556253
-1470365	-1555442
-1471344	-1554678
-1472359	-1553963
-1473409	-1553299
-1474489	-1552687
-1475598	-1552129
-1476734	-1551625
-1477892	-1551178
-1479071	-1550789
-1480268	-1550458
-1481480	-1550186
-1482703	-1549973
-1483936	-1549821
-1485174	-1549730
-1486415	-1549700
-1513584	-1549700
-1514796	-1549670
-1516005	-1549581
-1517208	-1549432
-1518402	-1549225
-1519585	-1548959
-1520754	-1548636
-1521905	-1548256
-1523036	-1547819
-1524144	-1547328
-1525227	-1546783
-1526282	-1546185
-1527306	-1545537
-1528297	-1544839
-1529253	-1544093
-1530171	-1543301
-1531049	-1542465
-1531885	-1541587
-1532677	-1540669
-1533423	-1539713
-1534121	-1538722
-1534769	-1537698
-1535367	-1536643
-1535912	-1535560
-1536403	-1534452
-1536840	-1533321
-1537220	-1532170
-1537543	-1531001
-1537809	-1529818
-1538016	-1528624
-1538165	-1527421
-1538254	-1526211
-1538284	-1525000
-1538254	-1523788
-1538165	-1522578
-1538016	-1521375
-1537809	-1520181
-1537543	-1518998
-1537220	-1517829
-1536840	-1516678
-1536403	-1515547
-1535912	-1514439
-1535367	-1513356
-1534769	-1512301
-1534121	-1511277
-1533423	-1510286
-1532677	-1509330
-1531885	-1508412
-1531049	-1507534
-1530171	-1506698
-1529253	-1505906
-1528297	-1505160
-1527306	-1504462
-1526282	-1503814
-1525227	-1503216
-1524144	-1502671
-1523036	-1502180
-1521905	-1501743
-1520754	-1501363
-1519585	-1501040
-1518402	-1500774
-1517208	-1500567
-1516005	-1500418
-1514796	-1500329
-1513584	-1500300
-1486415	-1500300
-1485174	-1500269
-1483936	-1500178
-1482703	-1500026
-1481480	-1499813
-1480268	-1499541
-1479071	-1499210
-1477892	-1498821
-1476734	-1498374
-1475598	-1497870
-1474489	-1497312
-1473409	-1496700
-1472359	-1496036
-1471344	-1495321
-1470365	-1494557
-1469425	-1493746
-1468526	-1492889
-1467669	-1491990
-1466858	-1491050
-1466094	-1490071
-1465379	-1489055
-1464715	-1488006
-1464103	-1486926
-1463544	-1485817
-1463041	-1484681
-1462594	-1483523
-1462205	-1482344
-1461874	-1481147
-1461602	-1479935
-1461389	-1478712
-1461237	-1477479
-1461146	-1476241
-1461115	-1475000
-1461146	-1473758
-1461237	-1472520
-1461389	-1471287
-1461602	-1470064
-1461874	-1468852
-1462205	-1467655
-1462594	-1466476
-1463041	-1465318
-1463544	-1464182
-1464103	-1463073
-1464715	-1461993
-1465379	-1460944
-1466094	-1459928
-1466858	-1458949
-1467669	-1458009
-1468526	-1457110
-1469425	-1456253
-1470365	-1455442
-1471344	-1454678
-1472359	-1453963
-1473409	-1453299
-1474489	-1452687
-1475598	-1452129
-1476734	-1451625
-1477892	-1451178
-1479071	-1450789
-1480268	-1450458
-1481480	-1450186
-1482703	-1449973
-1483936	-1449821
-1485174	-1449730
-1486415	-1449700
-1513584	-1449700
-1514796	-1449670
-1516005	-1449581
-1517208	-1449432
-1518402	-1449225
-1519585	-1448959
-1520754	-1448636
-1521905	-1448256
-1523036	-1447819
-1524144	-1447328
-1525227	-1446783
-1526282	-1446185
-1527306	-1445537
-1528297	-1444839
-1529253	-1444093
-1530171	-1443301
-1531049	-1442465
-1531885	-1441587
-1532677	-1440669
-1533423	-1439713
-1534121	-1438722
-1534769	-1437698
-1535367	-1436643
-1535912	-1435560
-1536403	-1434452
-1536840	-1433321
-1537220	-1432170
-1537543	-1431001
-1537809	-1429818
-1538016	-1428624
-1538165	-1427421
-1538254	-1426211
-1538284	-1425000
-1538254	-1423788
-1538165	-1422578
-1538016	-1421375
-1537809	-1420181
-1537543	-1418998
-1537220	-1417829
-1536840	-1416678
-1536403	-1415547
-1535912	-1414439
-1535367	-1413356
-1534769	-1412301
-1534121	-1411277
-1533423	-1410286
-1532677	-1409330
-1531885	-1408412
-1531049	-1407534
-1530171	-1406698
-1529253	-1405906
-1528297	-1405160
-1527306	-1404462
-1526282	-1403814
-1525227	-1403216
-1524144	-1402671
-1523036	-1402180
-1521905	-1401743
-1520754	-1401363
-1519585	-1401040
-1518402	-1400774
-1517208	-1400567
-1516005	-1400418
-1514796	-1400329
-1513584	-1400300
-1486415	-1400300
-1461415	-1400300
-1461415	-1399700
0	0

588584	-1399700
588584	-1399700
436415	-1399700
435174	-1399730
433936	-1399821
432703	-1399973
431480	-1400186
430268	-1400458
429071	-1400789
427892	-1401178
426734	-1401625
425598	-1402129
424489	-1402687
423409	-1403299
422359	-1403963
421344	-1404678
420365	-1405442
419425	-1406253
418526	-1407110
417669	-1408009
416858	-1408949
416094	-1409928
415379	-1410944
414715	-1411993
414103	-1413073
413544	-1414182
413041	-1415318
412594	-1416476
412205	-1417655
411874	-1418852
411602	-1420064
411389	-1421287
411237	-1422520
411146	-1423758
411115	-1425000
411146	-1426241
411237	-1427479
411389	-1428712
411602	-1429935
411874	-1431147
412205	-1432344
412594	-1433523
413041	-1434681
413544	-1435817
414103	-1436926
414715	-1438006
415379	-1439055
416094	-1440071
416858	-1441050
417669	-1441990
418526	-1442889
419425	-1443746
420365	-1444557
421344	-1445321
422359	-1446036
423409	-1446700
424489	-1447312
425598	-1447870
426734	-1448374
427892	-1448821
429071	-1449210
430268	-1449541
431480	-1449813
432703	-1450026
433936	-1450178
435174	-1450269
436415	-1450300
563584	-1450300
564796	-1450329
566005	-1450418
567208	-1450567
568402	-1450774
569585	-1451040
570754	-1451363
571905	-1451743
573036	-1452180
574144	-1452671
575227	-1453216
576282	-1453814
577306	-1454462
578297	-1455160
579253	-1455906
580171	-1456698
581049	-1457534
581885	-1458412
582677	-1459330
583423	-1460286
584121	-1461277
584769	-1462301
585367	-1463356
585912	-1464439
586403	-1465547
586840	-1466678
587220	-1467829
587543	-1468998
587809	-1470181
588016	-1471375
588165	-1472578
588254	-1473788
588284	-1475000
588254	-1476211
588165	-1477421
588016	-1478624
587809	-1479818
587543	-1481001
587220	-1482170
586840	-1483321
586403	-1484452
585912	-1485560
585367	-1486643
584769	-1487698
584121	-1488722
583423	-1489713
582677	-1490669
581885	-1491587
581049	-1492465
580171	-1493301
579253	-1494093
578297	-1494839
577306	-1495537
576282	-1496185
575227	-1496783
574144	-1497328
573036	-1497819
571905	-1498256
570754	-1498636
569585	-1498959
568402	-1499225
567208	-1499432
566005	-1499581
564796	-1499670
563584	-1499700
436415	-1499700
435174	-1499730
433936	-1499821
432703	-1499973
431480	-1500186
430268	-1500458
429071	-1500789
427892	-1501178
426734	-1501625
425598	-1502129
424489	-1502687
423409	-1503299
422359	-1503963
421344	-1504678
420365	-1505442
419425	-1506253
418526	-1507110
417669	-1508009
416858	-1508949
416094	-1509928
415379	-1510944
414715	-1511993
414103	-1513073
413544	-1514182
413041	-1515318
412594	-1516476
412205	-1517655
411874	-1518852
411602	-1520064
411389	-1521287
411237	-1522520
411146	-1523758
411115	-1525000
411146	-1526241
411237	-1527479
411389	-1528712
411602	-1529935
411874	-1531147
412205	-1532344
412594	-1533523
413041	-1534681
413544	-1535817
414103	-1536926
414715	-1538006
415379	-1539055
416094	-1540071
416858	-1541050
417669	-1541990
418526	-1542889
419425	-1543746
420365	-1544557
421344	-1545321
422359	-1546036
423409	-1546700
424489	-1547312
425598	-1547870
426734	-1548374
427892	-1548821
429071	-1549210
430268	-1549541
431480	-1549813
432703	-1550026
433936	-1550178
435174	-1550269
436415	-1550300
563584	-1550300
564796	-1550329
566005	-1550418
567208	-1550567
568402	-1550774
569585	-1551040
570754	-1551363
571905	-1551743
573036	-1552180
574144	-1552671
575227	-1553216
576282	-1553814
577306	-1554462
578297	-1555160
579253	-1555906
580171	-1556698
581049	-1557534
581885	-1558412
582677	-1559330
583423	-1560286
584121	-1561277
584769	-1562301
585367	-1563356
585912	-1564439
586403	-1565547
586840	-1566678
587220	-1567829
587543	-1568998
587809	-1570181
588016	-1571375
588165	-1572578
588254	-1573788
588284	-1575000
588254	-1576211
588165	-1577421
588016	-1578624
587809	-1579818
587543	-1581001
587220	-1582170
586840	-1583321
586403	-1584452
585912	-1585560
585367	-1586643
584769	-1587698
584121	-1588722
583423	-1589713
582677	-1590669
581885	-1591587
581049	-1592465
580171	-1593301
579253	-1594093
578297	-1594839
577306	-1595537
576282	-1596185
575227	-1596783
574144	-1597328
573036	-1597819
571905	-1598256
570754	-1598636
569585	-1598959
568402	-1599225
567208	-1599432
566005	-1599581
564796	-1599670
563584	-1599700
436415	-1599700
411415	-1599700
411415	-1600300
563584	-1600300
564825	-1600269
566063	-1600178
567296	-1600026
568519	-1599813
569731	-1599541
570928	-1599210
572107	-1598821
573265	-1598374
574401	-1597870
575510	-1597312
576590	-1596700
577640	-1596036
578655	-1595321
579634	-1594557
580574	-1593746
581473	-1592889
582330	-1591990
583141	-1591050
583905	-1590071
584620	-1589055
585284	-1588006
585896	-1586926
586455	-1585817
586958	-1584681
587405	-1583523
587794	-1582344
588125	-1581147
588397	-1579935
588610	-1578712
588762	-1577479
588853	-1576241
588884	-1575000
588853	-1573758
588762	-1572520
588610	-1571287
588397	-1570064
588125	-1568852
587794	-1567655
587405	-1566476
586958	-1565318
586455	-1564182
585896	-1563073
585284	-1561993
584620	-1560944
583905	-1559928
583141	-1558949
582330	-1558009
581473	-1557110
580574	-1556253
579634	-1555442
578655	-1554678
577640	-1553963
576590	-1553299
575510	-1552687
574401	-1552129
573265	-1551625
572107	-1551178
570928	-1550789
569731	-1550458
568519	-1550186
567296	-1549973
566063	-1549821
564825	-1549730
563584	-1549700
436415	-1549700
435203	-1549670
433994	-1549581
432791	-1549432
431597	-1549225
430414	-1548959
429245	-1548636
428094	-1548256
426963	-1547819
425855	-1547328
424772	-1546783
423717	-1546185
422693	-1545537
421702	-1544839
420746	-1544093
419828	-1543301
418950	-1542465
418114	-1541587
417322	-1540669
416576	-1539713
415878	-1538722
415230	-1537698
414632	-1536643
414087	-1535560
413596	-1534452
413159	-1533321
412779	-1532170
412456	-1531001
412190	-1529818
411983	-1528624
411834	-1527421
411745	-1526211
411715	-1525000
411745	-1523788
411834	-1522578
411983	-1521375
412190	-1520181
412456	-1518998
412779	-1517829
413159	-1516678
413596	-1515547
414087	-1514439
414632	-1513356
415230	-1512301
415878	-1511277
416576	-1510286
417322	-1509330
418114	-1508412
418950	-1507534
419828	-1506698
420746	-1505906
421702	-1505160
422693	-1504462
423717	-1503814
424772	-1503216
425855	-1502671
426963	-1502180
428094	-1501743
429245	-1501363
430414	-1501040
431597	-1500774
432791	-1500567
433994	-1500418
435203	-1500329
436415	-1500300
563584	-1500300
564825	-1500269
566063	-1500178
567296	-1500026
568519	-1499813
569731	-1499541
570928	-1499210
572107	-1498821
573265	-1498374
574401	-1497870
575510	-1497312
576590	-1496700
577640	-1496036
578655	-1495321
579634	-1494557
580574	-1493746
581473	-1492889
582330	-1491990
583141	-1491050
583905	-1490071
584620	-1489055
585284	-1488006
585896	-1486926
586455	-1485817
586958	-1484681
587405	-1483523
587794	-1482344
588125	-1481147
588397	-1479935
588610	-1478712
588762	-1477479
588853	-1476241
588884	-1475000
588853	-1473758
588762	-1472520
588610	-1471287
588397	-1470064
588125	-1468852
587794	-1467655
587405	-1466476
586958	-1465318
586455	-1464182
585896	-1463073
585284	-1461993
584620	-1460944
583905	-1459928
583141	-1458949
582330	-1458009
581473	-1457110
580574	-1456253
579634	-1455442
578655	-1454678
577640	-1453963
576590	-1453299
575510	-1452687
574401	-1452129
573265	-1451625
572107	-1451178
570928	-1450789
569731	-1450458
568519	-1450186
567296	-1449973
566063	-1449821
564825	-1449730
563584	-1449700
436415	-1449700
435203	-1449670
433994	-1449581
432791	-1449432
431597	-1449225
430414	-1448959
429245	-1448636
428094	-1448256
426963	-1447819
425855	-1447328
424772	-1446783
423717	-1446185
422693	-1445537
421702	-1444839
420746	-1444093
419828	-1443301
418950	-1442465
418114	-1441587
417322	-1440669
416576	-1439713
415878	-1438722
415230	-1437698
414632	-1436643
414087	-1435560
413596	-1434452
413159	-1433321
412779	-1432170
412456	-1431001
412190	-1429818
411983	-1428624
411834	-1427421
411745	-1426211
411715	-1425000
411745	-1423788
411834	-1422578
411983	-1421375
412190	-1420181
412456	-1418998
412779	-1417829
413159	-1416678
413596	-1415547
414087	-1414439
414632	-1413356
415230	-1412301
415878	-1411277
416576	-1410286
417322	-1409330
418114	-1408412
418950	-1407534
419828	-1406698
420746	-1405906
421702	-1405160
422693	-1404462
423717	-1403814
424772	-1403216
425855	-1402671
426963	-1402180
428094	-1401743
429245	-1401363
430414	-1401040
431597	-1400774
432791	-1400567
433994	-1400418
435203	-1400329
436415	-1400300
563584	-1400300
588584	-1400300
588584	-1399700
0	0

-1461415	-2399675
-1461415	-2399675
-1513584	-2399675
-1514826	-2399705
-1516066	-2399796
-1517300	-2399949
-1518524	-2400161
-1519737	-2400433
-1520935	-2400765
-1522115	-2401155
-1523275	-2401602
-1524411	-2402106
-1525522	-2402665
-1526603	-2403278
-1527653	-2403943
-1528670	-2404658
-1529650	-2405423
-1530591	-2406235
-1531491	-2407092
-1532348	-2407992
-1533160	-2408933
-1533925	-2409913
-1534641	-2410930
-1535306	-2411980
-1535918	-2413061
-1536477	-2414172
-1536981	-2415308
-1537428	-2416468
-1537818	-2417648
-1538150	-2418846
-1538422	-2420059
-1538634	-2421284
-1538787	-2422517
-1538878	-2423757
-1538909	-2425000
-1538878	-2426242
-1538787	-2427482
-1538634	-2428715
-1538422	-2429940
-1538150	-2431153
-1537818	-2432351
-1537428	-2433531
-1536981	-2434691
-1536477	-2435827
-1535918	-2436938
-1535306	-2438019
-1534641	-2439069
-1533925	-2440086
-1533160	-2441066
-1532348	-2442007
-1531491	-2442907
-1530591	-2443764
-1529650	-2444576
-1528670	-2445341
-1527653	-2446056
-1526603	-2446721
-1525522	-2447334
-1524411	-2447893
-1523275	-2448397
-1522115	-2448844
-1520935	-2449234
-1519737	-2449566
-1518524	-2449838
-1517300	-2450050
-1516066	-2450203
-1514826	-2450294
-1513584	-2450325
-1486415	-2450325
-1485205	-2450354
-1483997	-2450443
-1482795	-2450592
-1481602	-2450799
-1480420	-2451064
-1479253	-2451387
-1478103	-2451767
-1476973	-2452203
-1475866	-2452694
-1474784	-2453238
-1473730	-2453835
-1472707	-2454483
-1471717	-2455180
-1470762	-2455925
-1469845	-2456717
-1468968	-2457552
-1468132	-2458429
-1467341	-2459346
-1466596	-2460301
-1465899	-2461291
-1465251	-2462314
-1464654	-2463368
-1464109	-2464450
-1463619	-2465557
-1463183	-2466687
-1462803	-2467837
-1462480	-2469004
-1462215	-2470186
-1462007	-2471379
-1461859	-2472581
-1461770	-2473789
-1461740	-2475000
-1461770	-2476210
-1461859	-2477418
-1462007	-2478620
-1462215	-2479813
-1462480	-2480995
-1462803	-2482162
-1463183	-2483312
-1463619	-2484442
-1464109	-2485549
-1464654	-2486631
-1465251	-2487685
-1465899	-2488708
-1466596	-2489698
-1467341	-2490653
-1468132	-2491570
-1468968	-2492447
-1469845	-2493282
-1470762	-2494074
-1471717	-2494819
-1472707	-2495516
-1473730	-2496164
-1474784	-2496761
-1475866	-2497305
-1476973	-2497796
-1478103	-2498232
-1479253	-2498612
-1480420	-2498935
-1481602	-2499200
-1482795	-2499407
-1483997	-2499556
-1485205	-2499645
-1486415	-2499675
-1513584	-2499675
-1514826	-2499705
-1516066	-2499796
-1517300	-2499949
-1518524	-2500161
-1519737	-2500433
-1520935	-2500765
-1522115	-2501155
-1523275	-2501602
-1524411	-2502106
-1525522	-2502665
-1526603	-2503278
-1527653	-2503943
-1528670	-2504658
-1529650	-2505423
-1530591	-2506235
-1531491	-2507092
-1532348	-2507992
-1533160	-2508933
-1533925	-2509913
-1534641	-2510930
-1535306	-2511980
-1535918	-2513061
-1536477	-2514172
-1536981	-2515308
-1537428	-2516468
-1537818	-2517648
-1538150	-2518846
-1538422	-2520059
-1538634	-2521284
-1538787	-2522517
-1538878	-2523757
-1538909	-2525000
-1538878	-2526242
-1538787	-2527482
-1538634	-2528715
-1538422	-2529940
-1538150	-2531153
-1537818	-2532351
-1537428	-2533531
-1536981	-2534691
-1536477	-2535827
-1535918	-2536938
-1535306	-2538019
-1534641	-2539069
-1533925	-2540086
-1533160	-2541066
-1532348	-2542007
-1531491	-2542907
-1530591	-2543764
-1529650	-2544576
-1528670	-2545341
-1527653	-2546056
-1526603	-2546721
-1525522	-2547334
-1524411	-2547893
-1523275	-2548397
-1522115	-2548844
-1520935	-2549234
-1519737	-2549566
-1518524	-2549838
-1517300	-2550050
-1516066	-2550203
-1514826	-2550294
-1513584	-2550325
-1486415	-2550325
-1485205	-2550354
-1483997	-2550443
-1482795	-2550592
-1481602	-2550799
-1480420	-2551064
-1479253	-2551387
-1478103	-2551767
-1476973	-2552203
-1475866	-2552694
-1474784	-2553238
-1473730	-2553835
-1472707	-2554483
-1471717	-2555180
-1470762	-2555925
-1469845	-2556717
-1468968	-2557552
-1468132	-2558429
-1467341	-2559346
-1466596	-2560301
-1465899	-2561291
-1465251	-2562314
-1464654	-2563368
-1464109	-2564450
-1463619	-2565557
-1463183	-2566687
-1462803	-2567837
-1462480	-2569004
-1462215	-2570186
-1462007	-2571379
-1461859	-2572581
-1461770	-2573789
-1461740	-2575000
-1461770	-2576210
-1461859	-2577418
-1462007	-2578620
-1462215	-2579813
-1462480	-2580995
-1462803	-2582162
-1463183	-2583312
-1463619	-2584442
-1464109	-2585549
-1464654	-2586631
-1465251	-2587685
-1465899	-2588708
-1466596	-2589698
-1467341	-2590653
-1468132	-2591570
-1468968	-2592447
-1469845	-2593282
-1470762	-2594074
-1471717	-2594819
-1472707	-2595516
-1473730	-2596164
-1474784	-2596761
-1475866	-2597305
-1476973	-2597796
-1478103	-2598232
-1479253	-2598612
-1480420	-2598935
-1481602	-2599200
-1482795	-2599407
-1483997	-2599556
-1485205	-2599645
-1486415	-2599675
-1513584	-2599675
-1538584	-2599675
-1538584	-2600325
-1486415	-2600325
-1485173	-2600294
-1483933	-2600203
-1482699	-2600050
-1481475	-2599838
-1480262	-2599566
-1479064	-2599234
-1477884	-2598844
-1476724	-2598397
-1475588	-2597893
-1474477	-2597334
-1473396	-2596721
-1472346	-2596056
-1471329	-2595341
-1470349	-2594576
-1469408	-2593764
-1468508	-2592907
-1467651	-2592007
-1466839	-2591066
-1466074	-2590086
-1465358	-2589069
-1464693	-2588019
-1464081	-2586938
-1463522	-2585827
-1463018	-2584691
-1462571	-2583531
-1462181	-2582351
-1461849	-2581153
-1461577	-2579940
-1461365	-2578715
-1461212	-2577482
-1461121	-2576242
-1461090	-2575000
-1461121	-2573757
-1461212	-2572517
-1461365	-2571284
-1461577	-2570059
-1461849	-2568846
-1462181	-2567648
-1462571	-2566468
-1463018	-2565308
-1463522	-2564172
-1464081	-2563061
-1464693	-2561980
-1465358	-2560930
-1466074	-2559913
-1466839	-2558933
-1467651	-2557992
-1468508	-2557092
-1469408	-2556235
-1470349	-2555423
-1471329	-2554658
-1472346	-2553943
-1473396	-2553278
-1474477	-2552665
-1475588	-2552106
-1476724	-2551602
-1477884	-2551155
-1479064	-2550765
-1480262	-2550433
-1481475	-2550161
-1482699	-2549949
-1483933	-2549796
-1485173	-2549705
-1486415	-2549675
-1513584	-2549675
-1514794	-2549645
-1516002	-2549556
-1517204	-2549407
-1518397	-2549200
-1519579	-2548935
-1520746	-2548612
-1521896	-2548232
-1523026	-2547796
-1524133	-2547305
-1525215	-2546761
-1526269	-2546164
-1527292	-2545516
-1528282	-2544819
-1529237	-2544074
-1530154	-2543282
-1531031	-2542447
-1531867	-2541570
-1532658	-2540653
-1533403	-2539698
-1534100	-2538708
-1534748	-2537685
-1535345	-2536631
-1535890	-2535549
-1536380	-2534442
-1536816	-2533312
-1537196	-2532162
-1537519	-2530995
-1537784	-2529813
-1537992	-2528620
-1538140	-2527418
-1538229	-2526210
-1538259	-2525000
-1538229	-2523789
-1538140	-2522581
-1537992	-2521379
-1537784	-2520186
-1537519	-2519004
-1537196	-2517837
-1536816	-2516687
-1536380	-2515557
-1535890	-2514450
-1535345	-2513368
-1534748	-2512314
-1534100	-2511291
-1533403	-2510301
-1532658	-2509346
-1531867	-2508429
-1531031	-2507552
-1530154	-2506717
-1529237	-2505925
-1528282	-2505180
-1527292	-2504483
-1526269	-2503835
-1525215	-2503238
-1524133	-2502694
-1523026	-2502203
-1521896	-2501767
-1520746	-2501387
-1519579	-2501064
-1518397	-2500799
-1517204	-2500592
-1516002	-2500443
-1514794	-2500354
-1513584	-2500325
-1486415	-2500325
-1485173	-2500294
-1483933	-2500203
-1482699	-2500050
-1481475	-2499838
-1480262	-2499566
-1479064	-2499234
-1477884	-2498844
-1476724	-2498397
-1475588	-2497893
-1474477	-2497334
-1473396	-2496721
-1472346	-2496056
-1471329	-2495341
-1470349	-2494576
-1469408	-2493764
-1468508	-2492907
-1467651	-2492007
-1466839	-2491066
-1466074	-2490086
-1465358	-2489069
-1464693	-2488019
-1464081	-2486938
-1463522	-2485827
-1463018	-2484691
-1462571	-2483531
-1462181	-2482351
-1461849	-2481153
-1461577	-2479940
-1461365	-2478715
-1461212	-2477482
-1461121	-2476242
-1461090	-2475000
-1461121	-2473757
-1461212	-2472517
-1461365	-2471284
-1461577	-2470059
-1461849	-2468846
-1462181	-2467648
-1462571	-2466468
-1463018	-2465308
-1463522	-2464172
-1464081	-2463061
-1464693	-2461980
-1465358	-2460930
-1466074	-2459913
-1466839	-2458933
-1467651	-2457992
-1468508	-2457092
-1469408	-2456235
-1470349	-2455423
-1471329	-2454658
-1472346	-2453943
-1473396	-2453278
-1474477	-2452665
-1475588	-2452106
-1476724	-2451602
-1477884	-2451155
-1479064	-2450765
-1480262	-2450433
-1481475	-2450161
-1482699	-2449949
-1483933	-2449796
-1485173	-2449705
-1486415	-2449675
-1513584	-2449675
-1514794	-2449645
-1516002	-2449556
-1517204	-2449407
-1518397	-2449200
-1519579	-2448935
-1520746	-2448612
-1521896	-2448232
-1523026	-2447796
-1524133	-2447305
-1525215	-2446761
-1526269	-2446164
-1527292	-2445516
-1528282	-2444819
-1529237	-2444074
-1530154	-2443282
-1531031	-2442447
-1531867	-2441570
-1532658	-2440653
-1533403	-2439698
-1534100	-2438708
-1534748	-2437685
-1535345	-2436631
-1535890	-2435549
-1536380	-2434442
-1536816	-2433312
-1537196	-2432162
-1537519	-2430995
-1537784	-2429813
-1537992	-2428620
-1538140	-2427418
-1538229	-2426210
-1538259	-2425000
-1538229	-2423789
-1538140	-2422581
-1537992	-2421379
-1537784	-2420186
-1537519	-2419004
-1537196	-2417837
-1536816	-2416687
-1536380	-2415557
-1535890	-2414450
-1535345	-2413368
-1534748	-2412314
-1534100	-2411291
-1533403	-2410301
-1532658	-2409346
-1531867	-2408429
-1531031	-2407552
-1530154	-2406717
-1529237	-2405925
-1528282	-2405180
-1527292	-2404483
-1526269	-2403835
-1525215	-2403238
-1524133	-2402694
-1523026	-2402203
-1521896	-2401767
-1520746	-2401387
-1519579	-2401064
-1518397	-2400799
-1517204	-2400592
-1516002	-2400443
-1514794	-2400354
-1513584	-2400325
-1486415	-2400325
-1461415	-2400325
-1461415	-2399675
0	0

588584	-2399675
588584	-2399675
436415	-2399675
435173	-2399705
433933	-2399796
432699	-2399949
431475	-2400161
430262	-2400433
429064	-2400765
427884	-2401155
426724	-2401602
425588	-2402106
424477	-2402665
423396	-2403278
422346	-2403943
421329	-2404658
420349	-2405423
419408	-2406235
418508	-2407092
417651	-2407992
416839	-2408933
416074	-2409913
415358	-2410930
414693	-2411980
414081	-2413061
413522	-2414172
413018	-2415308
412571	-2416468
412181	-2417648
411849	-2418846
411577	-2420059
411365	-2421284
411212	-2422517
411121	-2423757
411090	-2425000
411121	-2426242
411212	-2427482
411365	-2428715
411577	-2429940
411849	-2431153
412181	-2432351
412571	-2433531
413018	-2434691
413522	-2435827
414081	-2436938
414693	-2438019
415358	-2439069
416074	-2440086
416839	-2441066
417651	-2442007
418508	-2442907
419408	-2443764
420349	-2444576
421329	-2445341
422346	-2446056
423396	-2446721
424477	-2447334
425588	-2447893
426724	-2448397
427884	-2448844
429064	-2449234
430262	-2449566
431475	-2449838
432699	-2450050
433933	-2450203
435173	-2450294
436415	-2450325
563584	-2450325
564794	-2450354
566002	-2450443
567204	-2450592
568397	-2450799
569579	-2451064
570746	-2451387
571896	-2451767
573026	-2452203
574133	-2452694
575215	-2453238
576269	-2453835
577292	-2454483
578282	-2455180
579237	-2455925
580154	-2456717
581031	-2457552
581867	-2458429
582658	-2459346
583403	-2460301
584100	-2461291
584748	-2462314
585345	-2463368
585890	-2464450
586380	-2465557
586816	-2466687
587196	-2467837
587519	-2469004
587784	-2470186
587992	-2471379
588140	-2472581
588229	-2473789
588259	-2475000
588229	-2476210
588140	-2477418
587992	-2478620
587784	-2479813
587519	-2480995
587196	-2482162
586816	-2483312
586380	-2484442
585890	-2485549
585345	-2486631
584748	-2487685
584100	-2488708
583403	-2489698
582658	-2490653
581867	-2491570
581031	-2492447
580154	-2493282
579237	-2494074
578282	-2494819
577292	-2495516
576269	-2496164
575215	-2496761
574133	-2497305
573026	-2497796
571896	-2498232
570746	-2498612
569579	-2498935
568397	-2499200
567204	-2499407
566002	-2499556
564794	-2499645
563584	-2499675
436415	-2499675
435173	-2499705
433933	-2499796
432699	-2499949
431475	-2500161
430262	-2500433
429064	-2500765
427884	-2501155
426724	-2501602
425588	-2502106
424477	-2502665
423396	-2503278
422346	-2503943
421329	-2504658
420349	-2505423
419408	-2506235
418508	-2507092
417651	-2507992
416839	-2508933
416074	-2509913
415358	-2510930
414693	-2511980
414081	-2513061
413522	-2514172
413018	-2515308
412571	-2516468
412181	-2517648
411849	-2518846
411577	-2520059
411365	-2521284
411212	-2522517
411121	-2523757
411090	-2525000
411121	-2526242
411212	-2527482
411365	-2528715
411577	-2529940
411849	-2531153
412181	-2532351
412571	-2533531
413018	-2534691
413522	-2535827
414081	-2536938
414693	-2538019
415358	-2539069
416074	-2540086
416839	-2541066
417651	-2542007
418508	-2542907
419408	-2543764
420349	-2544576
421329	-2545341
422346	-2546056
423396	-2546721
424477	-2547334
425588	-2547893
426724	-2548397
427884	-2548844
429064	-2549234
430262	-2549566
431475	-2549838
432699	-2550050
433933	-2550203
435173	-2550294
436415	-2550325
563584	-2550325
564794	-2550354
566002	-2550443
567204	-2550592
568397	-2550799
569579	-2551064
570746	-2551387
571896	-2551767
573026	-2552203
574133	-2552694
575215	-2553238
576269	-2553835
577292	-2554483
578282	-2555180
579237	-2555925
580154	-2556717
581031	-2557552
581867	-2558429
582658	-2559346
583403	-2560301
584100	-2561291
584748	-2562314
585345	-2563368
585890	-2564450
586380	-2565557
586816	-2566687
587196	-2567837
587519	-2569004
587784	-2570186
587992	-2571379
588140	-2572581
588229	-2573789
588259	-2575000
588229	-2576210
588140	-2577418
587992	-2578620
587784	-2579813
587519	-2580995
587196	-2582162
586816	-2583312
586380	-2584442
585890	-2585549
585345	-2586631
584748	-2587685
584100	-2588708
583403	-2589698
582658	-2590653
581867	-2591570
581031	-2592447
580154	-2593282
579237	-2594074
578282	-2594819
577292	-2595516
576269	-2596164
575215	-2596761
574133	-2597305
573026	-2597796
571896	-2598232
570746	-2598612
569579	-2598935
568397	-2599200
567204	-2599407
566002	-2599556
564794	-2599645
563584	-2599675
436415	-2599675
411415	-2599675
411415	-2600325
563584	-2600325
564826	-2600294
566066	-2600203
567300	-2600050
568524	-2599838
569737	-2599566
570935	-2599234
572115	-2598844
573275	-2598397
574411	-2597893
575522	-2597334
576603	-2596721
577653	-2596056
578670	-2595341
579650	-2594576
580591	-2593764
581491	-2592907
582348	-2592007
583160	-2591066
583925	-2590086
584641	-2589069
585306	-2588019
585918	-2586938
586477	-2585827
586981	-2584691
587428	-2583531
587818	-2582351
588150	-2581153
588422	-2579940
588634	-2578715
588787	-2577482
588878	-2576242
588909	-2575000
588878	-2573757
588787	-2572517
588634	-2571284
588422	-2570059
588150	-2568846
587818	-2567648
587428	-2566468
586981	-2565308
586477	-2564172
585918	-2563061
585306	-2561980
584641	-2560930
583925	-2559913
583160	-2558933
582348	-2557992
581491	-2557092
580591	-2556235
579650	-2555423
578670	-2554658
577653	-2553943
576603	-2553278
575522	-2552665
574411	-2552106
573275	-2551602
572115	-2551155
570935	-2550765
569737	-2550433
568524	-2550161
567300	-2549949
566066	-2549796
564826	-2549705
563584	-2549675
436415	-2549675
435205	-2549645
433997	-2549556
432795	-2549407
431602	-2549200
430420	-2548935
429253	-2548612
428103	-2548232
426973	-2547796
425866	-2547305
424784	-2546761
423730	-2546164
422707	-2545516
421717	-2544819
420762	-2544074
419845	-2543282
418968	-2542447
418132	-2541570
417341	-2540653
416596	-2539698
415899	-2538708
415251	-2537685
414654	-2536631
414109	-2535549
413619	-2534442
413183	-2533312
412803	-2532162
412480	-2530995
412215	-2529813
412007	-2528620
411859	-2527418
411770	-2526210
411740	-2525000
411770	-2523789
411859	-2522581
412007	-2521379
412215	-2520186
412480	-2519004
412803	-2517837
413183	-2516687
413619	-2515557
414109	-2514450
414654	-2513368
415251	-2512314
415899	-2511291
416596	-2510301
417341	-2509346
418132	-2508429
418968	-2507552
419845	-2506717
420762	-2505925
421717	-2505180
422707	-2504483
423730	-2503835
424784	-2503238
425866	-2502694
426973	-2502203
428103	-2501767
429253	-2501387
430420	-2501064
431602	-2500799
432795	-2500592
433997	-2500443
435205	-2500354
436415	-2500325
563584	-2500325
564826	-2500294
566066	-2500203
567300	-2500050
568524	-2499838
569737	-2499566
570935	-2499234
572115	-2498844
573275	-2498397
574411	-2497893
575522	-2497334
576603	-2496721
577653	-2496056
578670	-2495341
579650	-2494576
580591	-2493764
581491	-2492907
582348	-2492007
583160	-2491066
583925	-2490086
584641	-2489069
585306	-2488019
585918	-2486938
586477	-2485827
586981	-2484691
587428	-2483531
587818	-2482351
588150	-2481153
588422	-2479940
588634	-2478715
588787	-2477482
588878	-2476242
588909	-2475000
588878	-2473757
588787	-2472517
588634	-2471284
588422	-2470059
588150	-2468846
587818	-2467648
587428	-2466468
586981	-2465308
586477	-2464172
585918	-2463061
585306	-2461980
584641	-2460930
583925	-2459913
583160	-2458933
582348	-2457992
581491	-2457092
580591	-2456235
579650	-2455423
578670	-2454658
577653	-2453943
576603	-2453278
575522	-2452665
574411	-2452106
573275	-2451602
572115	-2451155
570935	-2450765
569737	-2450433
568524	-2450161
567300	-2449949
566066	-2449796
564826	-2449705
563584	-2449675
436415	-2449675
435205	-2449645
433997	-2449556
432795	-2449407
431602	-2449200
430420	-2448935
429253	-2448612
428103	-2448232
426973	-2447796
425866	-2447305
424784	-2446761
423730	-2446164
422707	-2445516
421717	-2444819
420762	-2444074
419845	-2443282
418968	-2442447
418132	-2441570
417341	-2440653
416596	-2439698
415899	-2438708
415251	-2437685
414654	-2436631
414109	-2435549
413619	-2434442
413183	-2433312
412803	-2432162
412480	-2430995
412215	-2429813
412007	-2428620
411859	-2427418
411770	-2426210
411740	-2425000
411770	-2423789
411859	-2422581
412007	-2421379
412215	-2420186
412480	-2419004
412803	-2417837
413183	-2416687
413619	-2415557
414109	-2414450
414654	-2413368
415251	-2412314
415899	-2411291
416596	-2410301
417341	-2409346
418132	-2408429
418968	-2407552
419845	-2406717
420762	-2405925
421717	-2405180
422707	-2404483
423730	-2403835
424784	-2403238
425866	-2402694
426973	-2402203
428103	-2401767
429253	-2401387
430420	-2401064
431602	-2400799
432795	-2400592
433997	-2400443
435205	-2400354
436415	-2400325
563584	-2400325
588584	-2400325
588584	-2399675
0	0

-1461415	-3399650
-1461415	-3399650
-1513584	-3399650
-1514827	-3399680
-1516068	-3399772
-1517303	-3399924
-1518529	-3400137
-1519743	-3400409
-1520942	-3400741
-1522124	-3401131
-1523285	-3401579
-1524422	-3402083
-1525533	-3402643
-1526616	-3403256
-1527667	-3403922
-1528685	-3404638
-1529665	-3405404
-1530608	-3406216
-1531509	-3407074
-1532367	-3407975
-1533179	-3408918
-1533945	-3409899
-1534661	-3410916
-1535327	-3411967
-1535940	-3413050
-1536500	-3414161
-1537004	-3415298
-1537452	-3416459
-1537842	-3417641
-1538174	-3418840
-1538446	-3420054
-1538659	-3421280
-1538812	-3422515
-1538903	-3423756
-1538934	-3425000
-1538903	-3426243
-1538812	-3427484
-1538659	-3428719
-1538446	-3429945
-1538174	-3431159
-1537842	-3432358
-1537452	-3433540
-1537004	-3434701
-1536500	-3435838
-1535940	-3436949
-1535327	-3438032
-1534661	-3439083
-1533945	-3440100
-1533179	-3441081
-1532367	-3442024
-1531509	-3442925
-1530608	-3443783
-1529665	-3444595
-1528685	-3445361
-1527667	-3446077
-1526616	-3446743
-1525533	-3447356
-1524422	-3447916
-1523285	-3448420
-1522124	-3448868
-1520942	-3449258
-1519743	-3449590
-1518529	-3449862
-1517303	-3450075
-1516068	-3450227
-1514827	-3450319
-1513584	-3450350
-1486415	-3450350
-1485206	-3450379
-1483999	-3450468
-1482799	-3450616
-1481606	-3450823
-1480426	-3451088
-1479260	-3451411
-1478111	-3451790
-1476982	-3452226
-1475876	-3452716
-1474795	-3453260
-1473743	-3453856
-1472721	-3454504
-1471731	-3455200
-1470778	-3455945
-1469861	-3456735
-1468985	-3457569
-1468151	-3458446
-1467361	-3459362
-1466616	-3460316
-1465920	-3461305
-1465272	-3462327
-1464676	-3463380
-1464132	-3464460
-1463642	-3465566
-1463206	-3466695
-1462827	-3467844
-1462504	-3469010
-1462239	-3470191
-1462032	-3471383
-1461884	-3472583
-1461795	-3473790
-1461765	-3475000
-1461795	-3476209
-1461884	-3477416
-1462032	-3478616
-1462239	-3479808
-1462504	-3480989
-1462827	-3482155
-1463206	-3483304
-1463642	-3484433
-1464132	-3485539
-1464676	-3486619
-1465272	-3487672
-1465920	-3488694
-1466616	-3489683
-1467361	-3490637
-1468151	-3491553
-1468985	-3492430
-1469861	-3493264
-1470778	-3494054
-1471731	-3494799
-1472721	-3495495
-1473743	-3496143
-1474795	-3496739
-1475876	-3497283
-1476982	-3497773
-1478111	-3498209
-1479260	-3498588
-1480426	-3498911
-1481606	-3499176
-1482799	-3499383
-1483999	-3499531
-1485206	-3499620
-1486415	-3499650
-1513584	-3499650
-1514827	-3499680
-1516068	-3499772
-1517303	-3499924
-1518529	-3500137
-1519743	-3500409
-1520942	-3500741
-1522124	-3501131
-1523285	-3501579
-1524422	-3502083
-1525533	-3502643
-1526616	-3503256
-1527667	-3503922
-1528685	-3504638
-1529665	-3505404
-1530608	-3506216
-1531509	-3507074
-1532367	-3507975
-1533179	-3508918
-1533945	-3509899
-1534661	-3510916
-1535327	-3511967
-1535940	-3513050
-1536500	-3514161
-1537004	-3515298
-1537452	-3516459
-1537842	-3517641
-1538174	-3518840
-1538446	-3520054
-1538659	-3521280
-1538812	-3522515
-1538903	-3523756
-1538934	-3525000
-1538903	-3526243
-1538812	-3527484
-1538659	-3528719
-1538446	-3529945
-1538174	-3531159
-1537842	-3532358
-1537452	-3533540
-1537004	-3534701
-1536500	-3535838
-1535940	-3536949
-1535327	-3538032
-1534661	-3539083
-1533945	-3540100
-1533179	-3541081
-1532367	-3542024
-1531509	-3542925
-1530608	-3543783
-1529665	-3544595
-1528685	-3545361
-1527667	-3546077
-1526616	-3546743
-1525533	-3547356
-1524422	-3547916
-1523285	-3548420
-1522124	-3548868
-1520942	-3549258
-1519743	-3549590
-1518529	-3549862
-1517303	-3550075
-1516068	-3550227
-1514827	-3550319
-1513584	-3550350
-1486415	-3550350
-1485206	-3550379
-1483999	-3550468
-1482799	-3550616
-1481606	-3550823
-1480426	-3551088
-1479260	-3551411
-1478111	-3551790
-1476982	-3552226
-1475876	-3552716
-1474795	-3553260
-1473743	-3553856
-1472721	-3554504
-1471731	-3555200
-1470778	-3555945
-1469861	-3556735
-1468985	-3557569
-1468151	-3558446
-1467361	-3559362
-1466616	-3560316
-1465920	-3561305
-1465272	-3562327
-1464676	-3563380
-1464132	-3564460
-1463642	-3565566
-1463206	-3566695
-1462827	-3567844
-1462504	-3569010
-1462239	-3570191
-1462032	-3571383
-1461884	-3572583
-1461795	-3573790
-1461765	-3575000
-1461795	-3576209
-1461884	-3577416
-1462032	-3578616
-1462239	-3579808
-1462504	-3580989
-1462827	-3582155
-1463206	-3583304
-1463642	-3584433
-1464132	-3585539
-1464676	-3586619
-1465272	-3587672
-1465920	-3588694
-1466616	-3589683
-1467361	-3590637
-1468151	-3591553
-1468985	-3592430
-1469861	-3593264
-1470778	-3594054
-1471731	-3594799
-1472721	-3595495
-1473743	-3596143
-1474795	-3596739
-1475876	-3597283
-1476982	-3597773
-1478111	-3598209
-1479260	-3598588
-1480426	-3598911
-1481606	-3599176
-1482799	-3599383
-1483999	-3599531
-1485206	-3599620
-1486415	-3599650
-1513584	-3599650
-1538584	-3599650
-1538584	-3600350
-1486415	-3600350
-1485172	-3600319
-1483931	-3600227
-1482696	-3600075
-1481470	-3599862
-1480256	-3599590
-1479057	-3599258
-1477875	-3598868
-1476714	-3598420
-1475577	-3597916
-1474466	-3597356
-1473383	-3596743
-1472332	-3596077
-1471314	-3595361
-1470334	-3594595
-1469391	-3593783
-1468490	-3592925
-1467632	-3592024
-1466820	-3591081
-1466054	-3590100
-1465338	-3589083
-1464672	-3588032
-1464059	-3586949
-1463499	-3585838
-1462995	-3584701
-1462547	-3583540
-1462157	-3582358
-1461825	-3581159
-1461553	-3579945
-1461340	-3578719
-1461187	-3577484
-1461096	-3576243
-1461065	-3575000
-1461096	-3573756
-1461187	-3572515
-1461340	-3571280
-1461553	-3570054
-1461825	-3568840
-1462157	-3567641
-1462547	-3566459
-1462995	-3565298
-1463499	-3564161
-1464059	-3563050
-1464672	-3561967
-1465338	-3560916
-1466054	-3559899
-1466820	-3558918
-1467632	-3557975
-1468490	-3557074
-1469391	-3556216
-1470334	-3555404
-1471314	-3554638
-1472332	-3553922
-1473383	-3553256
-1474466	-3552643
-1475577	-3552083
-1476714	-3551579
-1477875	-3551131
-1479057	-3550741
-1480256	-3550409
-1481470	-3550137
-1482696	-3549924
-1483931	-3549772
-1485172	-3549680
-1486415	-3549650
-1513584	-3549650
-1514793	-3549620
-1516000	-3549531
-1517200	-3549383
-1518393	-3549176
-1519573	-3548911
-1520739	-3548588
-1521888	-3548209
-1523017	-3547773
-1524123	-3547283
-1525204	-3546739
-1526256	-3546143
-1527278	-3545495
-1528268	-3544799
-1529221	-3544054
-1530138	-3543264
-1531014	-3542430
-1531848	-3541553
-1532638	-3540637
-1533383	-3539683
-1534079	-3538694
-1534727	-3537672
-1535323	-3536619
-1535867	-3535539
-1536357	-3534433
-1536793	-3533304
-1537172	-3532155
-1537495	-3530989
-1537760	-3529808
-1537967	-3528616
-1538115	-3527416
-1538204	-3526209
-1538234	-3525000
-1538204	-3523790
-1538115	-3522583
-1537967	-3521383
-1537760	-3520191
-1537495	-3519010
-1537172	-3517844
-1536793	-3516695
-1536357	-3515566
-1535867	-3514460
-1535323	-3513380
-1534727	-3512327
-1534079	-3511305
-1533383	-3510316
-1532638	-3509362
-1531848	-3508446
-1531014	-3507569
-1530138	-3506735
-1529221	-3505945
-1528268	-3505200
-1527278	-3504504
-1526256	-3503856
-1525204	-3503260
-1524123	-3502716
-1523017	-3502226
-1521888	-3501790
-1520739	-3501411
-1519573	-3501088
-1518393	-3500823
-1517200	-3500616
-1516000	-3500468
-1514793	-3500379
-1513584	-3500350
-1486415	-3500350
-1485172	-3500319
-1483931	-3500227
-1482696	-3500075
-1481470	-3499862
-1480256	-3499590
-1479057	-3499258
-1477875	-3498868
-1476714	-3498420
-1475577	-3497916
-1474466	-3497356
-1473383	-3496743
-1472332	-3496077
-1471314	-3495361
-1470334	-3494595
-1469391	-3493783
-1468490	-3492925
-1467632	-3492024
-1466820	-3491081
-1466054	-3490100
-1465338	-3489083
-1464672	-3488032
-1464059	-3486949
-1463499	-3485838
-1462995	-3484701
-1462547	-3483540
-1462157	-3482358
-1461825	-3481159
-1461553	-3479945
-1461340	-3478719
-1461187	-3477484
-1461096	-3476243
-1461065	-3475000
-1461096	-3473756
-1461187	-3472515
-1461340	-3471280
-1461553	-3470054
-1461825	-3468840
-1462157	-3467641
-1462547	-3466459
-1462995	-3465298
-1463499	-3464161
-1464059	-3463050
-1464672	-3461967
-1465338	-3460916
-1466054	-3459899
-1466820	-3458918
-1467632	-3457975
-1468490	-3457074
-1469391	-3456216
-1470334	-3455404
-1471314	-3454638
-1472332	-3453922
-1473383	-3453256
-1474466	-3452643
-1475577	-3452083
-1476714	-3451579
-1477875	-3451131
-1479057	-3450741
-1480256	-3450409
-1481470	-3450137
-1482696	-3449924
-1483931	-3449772
-1485172	-3449680
-1486415	-3449650
-1513584	-3449650
-1514793	-3449620
-1516000	-3449531
-1517200	-3449383
-1518393	-3449176
-1519573	-3448911
-1520739	-3448588
-1521888	-3448209
-1523017	-3447773
-1524123	-3447283
-1525204	-3446739
-1526256	-3446143
-1527278	-3445495
-1528268	-3444799
-1529221	-3444054
-1530138	-3443264
-1531014	-3442430
-1531848	-3441553
-1532638	-3440637
-1533383	-3439683
-1534079	-3438694
-1534727	-3437672
-1535323	-3436619
-1535867	-3435539
-1536357	-3434433
-1536793	-3433304
-1537172	-3432155
-1537495	-3430989
-1537760	-3429808
-1537967	-3428616
-1538115	-3427416
-1538204	-3426209
-1538234	-3425000
-1538204	-3423790
-1538115	-3422583
-1537967	-3421383
-1537760	-3420191
-1537495	-3419010
-1537172	-3417844
-1536793	-3416695
-1536357	-3415566
-1535867	-3414460
-1535323	-3413380
-1534727	-3412327
-1534079	-3411305
-1533383	-3410316
-1532638	-3409362
-1531848	-3408446
-1531014	-3407569
-1530138	-3406735
-1529221	-3405945
-1528268	-3405200
-1527278	-3404504
-1526256	-3403856
-1525204	-3403260
-1524123	-3402716
-1523017	-3402226
-1521888	-3401790
-1520739	-3401411
-1519573	-3401088
-1518393	-3400823
-1517200	-3400616
-1516000	-3400468
-1514793	-3400379
-1513584	-3400350
-1486415	-3400350
-1461415	-3400350
-1461415	-3399650
0	0

588584	-3399650
588584	-3399650
436415	-3399650
435172	-3399680
433931	-3399772
432696	-3399924
431470	-3400137
430256	-3400409
429057	-3400741
427875	-3401131
426714	-3401579
425577	-3402083
424466	-3402643
423383	-3403256
422332	-3403922
421314	-3404638
420334	-3405404
419391	-3406216
418490	-3407074
417632	-3407975
416820	-3408918
416054	-3409899
415338	-3410916
414672	-3411967
414059	-3413050
413499	-3414161
412995	-3415298
412547	-3416459
412157	-3417641
411825	-3418840
411553	-3420054
411340	-3421280
411187	-3422515
411096	-3423756
411065	-3425000
411096	-3426243
411187	-3427484
411340	-3428719
411553	-3429945
411825	-3431159
412157	-3432358
412547	-3433540
412995	-3434701
413499	-3435838
414059	-3436949
414672	-3438032
415338	-3439083
416054	-3440100
416820	-3441081
417632	-3442024
418490	-3442925
419391	-3443783
420334	-3444595
421314	-3445361
422332	-3446077
423383	-3446743
424466	-3447356
425577	-3447916
426714	-3448420
427875	-3448868
429057	-3449258
430256	-3449590
431470	-3449862
432696	-3450075
433931	-3450227
435172	-3450319
436415	-3450350
563584	-3450350
564793	-3450379
566000	-3450468
567200	-3450616
568393	-3450823
569573	-3451088
570739	-3451411
571888	-3451790
573017	-3452226
574123	-3452716
575204	-3453260
576256	-3453856
577278	-3454504
578268	-3455200
579221	-3455945
580138	-3456735
581014	-3457569
581848	-3458446
582638	-3459362
583383	-3460316
584079	-3461305
584727	-3462327
585323	-3463380
585867	-3464460
586357	-3465566
586793	-3466695
587172	-3467844
587495	-3469010
587760	-3470191
587967	-3471383
588115	-3472583
588204	-3473790
588234	-3475000
588204	-3476209
588115	-3477416
587967	-3478616
587760	-3479808
587495	-3480989
587172	-3482155
586793	-3483304
586357	-3484433
585867	-3485539
585323	-3486619
584727	-3487672
584079	-3488694
583383	-3489683
582638	-3490637
581848	-3491553
581014	-3492430
580138	-3493264
579221	-3494054
578268	-3494799
577278	-3495495
576256	-3496143
575204	-3496739
574123	-3497283
573017	-3497773
571888	-3498209
570739	-3498588
569573	-3498911
568393	-3499176
567200	-3499383
566000	-3499531
564793	-3499620
563584	-3499650
436415	-3499650
435172	-3499680
433931	-3499772
432696	-3499924
431470	-3500137
430256	-3500409
429057	-3500741
427875	-3501131
426714	-3501579
425577	-3502083
424466	-3502643
423383	-3503256
422332	-3503922
421314	-3504638
420334	-3505404
419391	-3506216
418490	-3507074
417632	-3507975
416820	-3508918
416054	-3509899
415338	-3510916
414672	-3511967
414059	-3513050
413499	-3514161
412995	-3515298
412547	-3516459
412157	-3517641
411825	-3518840
411553	-3520054
411340	-3521280
411187	-3522515
411096	-3523756
411065	-3525000
411096	-3526243
411187	-3527484
411340	-3528719
411553	-3529945
411825	-3531159
412157	-3532358
412547	-3533540
412995	-3534701
413499	-3535838
414059	-3536949
414672	-3538032
415338	-3539083
416054	-3540100
416820	-3541081
417632	-3542024
418490	-3542925
419391	-3543783
420334	-3544595
421314	-3545361
422332	-3546077
423383	-3546743
424466	-3547356
425577	-3547916
426714	-3548420
427875	-3548868
429057	-3549258
430256	-3549590
431470	-3549862
432696	-3550075
433931	-3550227
435172	-3550319
436415	-3550350
563584	-3550350
564793	-3550379
566000	-3550468
567200	-3550616
568393	-3550823
569573	-3551088
570739	-3551411
571888	-3551790
573017	-3552226
574123	-3552716
575204	-3553260
576256	-3553856
577278	-3554504
578268	-3555200
579221	-3555945
580138	-3556735
581014	-3557569
581848	-3558446
582638	-3559362
583383	-3560316
584079	-3561305
584727	-3562327
585323	-3563380
585867	-3564460
586357	-3565566
586793	-3566695
587172	-3567844
587495	-3569010
587760	-3570191
587967	-3571383
588115	-3572583
588204	-3573790
588234	-3575000
588204	-3576209
588115	-3577416
587967	-3578616
587760	-3579808
587495	-3580989
587172	-3582155
586793	-3583304
586357	-3584433
585867	-3585539
585323	-3586619
584727	-3587672
584079	-3588694
583383	-3589683
582638	-3590637
581848	-3591553
581014	-3592430
580138	-3593264
579221	-3594054
578268	-3594799
577278	-3595495
576256	-3596143
575204	-3596739
574123	-3597283
573017	-3597773
571888	-3598209
570739	-3598588
569573	-3598911
568393	-3599176
567200	-3599383
566000	-3599531
564793	-3599620
563584	-3599650
436415	-3599650
411415	-3599650
411415	-3600350
563584	-3600350
564827	-3600319
566068	-3600227
567303	-3600075
568529	-3599862
569743	-3599590
570942	-3599258
572124	-3598868
573285	-3598420
574422	-3597916
575533	-3597356
576616	-3596743
577667	-3596077
578685	-3595361
579665	-3594595
580608	-3593783
581509	-3592925
582367	-3592024
583179	-3591081
583945	-3590100
584661	-3589083
585327	-3588032
585940	-3586949
586500	-3585838
587004	-3584701
587452	-3583540
587842	-3582358
588174	-3581159
588446	-3579945
588659	-3578719
588812	-3577484
588903	-3576243
588934	-3575000
588903	-3573756
588812	-3572515
588659	-3571280
588446	-3570054
588174	-3568840
587842	-3567641
587452	-3566459
587004	-3565298
586500	-3564161
585940	-3563050
585327	-3561967
584661	-3560916
583945	-3559899
583179	-3558918
582367	-3557975
581509	-3557074
580608	-3556216
579665	-3555404
578685	-3554638
577667	-3553922
576616	-3553256
575533	-3552643
574422	-3552083
573285	-3551579
572124	-3551131
570942	-3550741
569743	-3550409
568529	-3550137
567303	-3549924
566068	-3549772
564827	-3549680
563584	-3549650
436415	-3549650
435206	-3549620
433999	-3549531
432799	-3549383
431606	-3549176
430426	-3548911
429260	-3548588
428111	-3548209
426982	-3547773
425876	-3547283
424795	-3546739
423743	-3546143
422721	-3545495
421731	-3544799
420778	-3544054
419861	-3543264
418985	-3542430
418151	-3541553
417361	-3540637
416616	-3539683
415920	-3538694
415272	-3537672
414676	-3536619
414132	-3535539
413642	-3534433
413206	-3533304
412827	-3532155
412504	-3530989
412239	-3529808
412032	-3528616
411884	-3527416
411795	-3526209
411765	-3525000
411795	-3523790
411884	-3522583
412032	-3521383
412239	-3520191
412504	-3519010
412827	-3517844
413206	-3516695
413642	-3515566
414132	-3514460
414676	-3513380
415272	-3512327
415920	-3511305
416616	-3510316
417361	-3509362
418151	-3508446
418985	-3507569
419861	-3506735
420778	-3505945
421731	-3505200
422721	-3504504
423743	-3503856
424795	-3503260
425876	-3502716
426982	-3502226
428111	-3501790
429260	-3501411
430426	-3501088
431606	-3500823
432799	-3500616
433999	-3500468
435206	-3500379
436415	-3500350
563584	-3500350
564827	-3500319
566068	-3500227
567303	-3500075
568529	-3499862
569743	-3499590
570942	-3499258
572124	-3498868
573285	-3498420
574422	-3497916
575533	-3497356
576616	-3496743
577667	-3496077
578685	-3495361
579665	-3494595
580608	-3493783
581509	-3492925
582367	-3492024
583179	-3491081
583945	-3490100
584661	-3489083
585327	-3488032
585940	-3486949
586500	-3485838
587004	-3484701
587452	-3483540
587842	-3482358
588174	-3481159
588446	-3479945
588659	-3478719
588812	-3477484
588903	-3476243
588934	-3475000
588903	-3473756
588812	-3472515
588659	-3471280
588446	-3470054
588174	-3468840
587842	-3467641
587452	-3466459
587004	-3465298
586500	-3464161
585940	-3463050
585327	-3461967
584661	-3460916
583945	-3459899
583179	-3458918
582367	-3457975
581509	-3457074
580608	-3456216
579665	-3455404
578685	-3454638
577667	-3453922
576616	-3453256
575533	-3452643
574422	-3452083
573285	-3451579
572124	-3451131
570942	-3450741
569743	-3450409
568529	-3450137
567303	-3449924
566068	-3449772
564827	-3449680
563584	-3449650
436415	-3449650
435206	-3449620
433999	-3449531
432799	-3449383
431606	-3449176
430426	-3448911
429260	-3448588
428111	-3448209
426982	-3447773
425876	-3447283
424795	-3446739
423743	-3446143
422721	-3445495
421731	-3444799
420778	-3444054
419861	-3443264
418985	-3442430
418151	-3441553
417361	-3440637
416616	-3439683
415920	-3438694
415272	-3437672
414676	-3436619
414132	-3435539
413642	-3434433
413206	-3433304
412827	-3432155
412504	-3430989
412239	-3429808
412032	-3428616
411884	-3427416
411795	-3426209
411765	-3425000
411795	-3423790
411884	-3422583
412032	-3421383
412239	-3420191
412504	-3419010
412827	-3417844
413206	-3416695
413642	-3415566
414132	-3414460
414676	-3413380
415272	-3412327
415920	-3411305
416616	-3410316
417361	-3409362
418151	-3408446
418985	-3407569
419861	-3406735
420778	-3405945
421731	-3405200
422721	-3404504
423743	-3403856
424795	-3403260
425876	-3402716
426982	-3402226
428111	-3401790
429260	-3401411
430426	-3401088
431606	-3400823
432799	-3400616
433999	-3400468
435206	-3400379
436415	-3400350
563584	-3400350
588584	-3400350
588584	-3399650
0	0

