-2500000	3500000
-2700000	3600000
-2900000	3600000
-2900000	3400000
-2700000	3400000
-2700000	3600000
-2500000	3500000
-2700000	3300000
-2900000	3300000
-2900000	3100000
-2700000	3100000
-2700000	3300000
-2500000	3500000
-2400000	3300000
-2600000	3300000
-2600000	3100000
-2400000	3100000
-2400000	3300000
-2500000	3500000
-2100000	3300000
-2300000	3300000
-2300000	3100000
-2100000	3100000
-2100000	3300000
-2500000	3500000
-2100000	3600000
-2300000	3600000
-2300000	3400000
-2100000	3400000
-2100000	3600000
-2500000	3500000
-2100000	3900000
-2300000	3900000
-2300000	3700000
-2100000	3700000
-2100000	3900000
-2500000	3500000
-2400000	3900000
-2600000	3900000
-2600000	3700000
-2400000	3700000
-2400000	3900000
-2500000	3500000
-2700000	3900000
-2900000	3900000
-2900000	3700000
-2700000	3700000
-2700000	3900000
-2500000	3500000
-2502200	3498750
-2508156	3499775
-2800000	3550000
-2800000	3450000
-2508107	3497726
-2508156	3499775
-2502200	3498750
-2500000	3500000
-2501950	3498000
-2508911	3493040
-2850000	3250000
-2750000	3150000
-2506862	3490991
-2508911	3493040
-2501950	3498000
-2500000	3500000
-2501500	3498000
-2502470	3492040
-2550000	3200000
-2450000	3200000
-2500421	3492040
-2502470	3492040
-2501500	3498000
-2500000	3500000
-2499900	3498750
-2494902	3491775
-2250000	3150000
-2150000	3250000
-2492853	3493824
-2494902	3491775
-2499900	3498750
-2500000	3500000
-2497800	3501250
-2491844	3500225
-2200000	3450000
-2200000	3550000
-2491893	3502274
-2491844	3500225
-2497800	3501250
-2500000	3500000
-2500900	3502000
-2493882	3506960
-2150000	3750000
-2250000	3850000
-2495931	3509009
-2493882	3506960
-2500900	3502000
-2500000	3500000
-2501700	3502000
-2500666	3507960
-2450000	3800000
-2550000	3800000
-2502715	3507960
-2500666	3507960
-2501700	3502000
-2500000	3500000
-2502050	3501250
-2507009	3508225
-2750000	3850000
-2850000	3750000
-2509058	3506176
-2507009	3508225
-2502050	3501250
-2500000	3500000
0	0

-1500000	3500000
-1700000	3600000
-1900000	3600000
-1900000	3400000
-1700000	3400000
-1700000	3600000
-1500000	3500000
-1700000	3300000
-1900000	3300000
-1900000	3100000
-1700000	3100000
-1700000	3300000
-1500000	3500000
-1400000	3300000
-1600000	3300000
-1600000	3100000
-1400000	3100000
-1400000	3300000
-1500000	3500000
-1100000	3300000
-1300000	3300000
-1300000	3100000
-1100000	3100000
-1100000	3300000
-1500000	3500000
-1100000	3600000
-1300000	3600000
-1300000	3400000
-1100000	3400000
-1100000	3600000
-1500000	3500000
-1100000	3900000
-1300000	3900000
-1300000	3700000
-1100000	3700000
-1100000	3900000
-1500000	3500000
-1400000	3900000
-1600000	3900000
-1600000	3700000
-1400000	3700000
-1400000	3900000
-1500000	3500000
-1700000	3900000
-1900000	3900000
-1900000	3700000
-1700000	3700000
-1700000	3900000
-1500000	3500000
-1502400	3498750
-1508352	3499775
-1800000	3550000
-1800000	3450000
-1508254	3497677
-1508352	3499775
-1502400	3498750
-1500000	3500000
-1502050	3498000
-1509009	3493040
-1850000	3250000
-1750000	3150000
-1506911	3490942
-1509009	3493040
-1502050	3498000
-1500000	3500000
-1501500	3498000
-1502470	3492040
-1550000	3200000
-1450000	3200000
-1500372	3492040
-1502470	3492040
-1501500	3498000
-1500000	3500000
-1499800	3498750
-1494804	3491775
-1250000	3150000
-1150000	3250000
-1492706	3493873
-1494804	3491775
-1499800	3498750
-1500000	3500000
-1497600	3501250
-1491648	3500225
-1200000	3450000
-1200000	3550000
-1491746	3502323
-1491648	3500225
-1497600	3501250
-1500000	3500000
-1500800	3502000
-1493784	3506960
-1150000	3750000
-1250000	3850000
-1495882	3509058
-1493784	3506960
-1500800	3502000
-1500000	3500000
-1501700	3502000
-1500666	3507960
-1450000	3800000
-1550000	3800000
-1502764	3507960
-1500666	3507960
-1501700	3502000
-1500000	3500000
-1502150	3501250
-1507107	3508225
-1750000	3850000
-1850000	3750000
-1509205	3506127
-1507107	3508225
-1502150	3501250
-1500000	3500000
0	0

-500000	3500000
-700000	3600000
-900000	3600000
-900000	3400000
-700000	3400000
-700000	3600000
-500000	3500000
-700000	3300000
-900000	3300000
-900000	3100000
-700000	3100000
-700000	3300000
-500000	3500000
-400000	3300000
-600000	3300000
-600000	3100000
-400000	3100000
-400000	3300000
-500000	3500000
-100000	3300000
-300000	3300000
-300000	3100000
-100000	3100000
-100000	3300000
-500000	3500000
-100000	3600000
-300000	3600000
-300000	3400000
-100000	3400000
-100000	3600000
-500000	3500000
-100000	3900000
-300000	3900000
-300000	3700000
-100000	3700000
-100000	3900000
-500000	3500000
-400000	3900000
-600000	3900000
-600000	3700000
-400000	3700000
-400000	3900000
-500000	3500000
-700000	3900000
-900000	3900000
-900000	3700000
-700000	3700000
-700000	3900000
-500000	3500000
-502800	3498750
-508744	3499775
-800000	3550000
-800000	3450000
-508548	3497579
-508744	3499775
-502800	3498750
-500000	3500000
-502250	3498000
-509205	3493040
-850000	3250000
-750000	3150000
-507009	3490844
-509205	3493040
-502250	3498000
-500000	3500000
-501500	3498000
-502470	3492040
-550000	3200000
-450000	3200000
-500274	3492040
-502470	3492040
-501500	3498000
-500000	3500000
-499600	3498750
-494608	3491775
-250000	3150000
-150000	3250000
-492412	3493971
-494608	3491775
-499600	3498750
-500000	3500000
-497200	3501250
-491256	3500225
-200000	3450000
-200000	3550000
-491452	3502421
-491256	3500225
-497200	3501250
-500000	3500000
-500600	3502000
-493588	3506960
-150000	3750000
-250000	3850000
-495784	3509156
-493588	3506960
-500600	3502000
-500000	3500000
-501700	3502000
-500666	3507960
-450000	3800000
-550000	3800000
-502862	3507960
-500666	3507960
-501700	3502000
-500000	3500000
-502350	3501250
-507303	3508225
-750000	3850000
-850000	3750000
-509499	3506029
-507303	3508225
-502350	3501250
-500000	3500000
0	0

500000	3500000
300000	3600000
100000	3600000
100000	3400000
300000	3400000
300000	3600000
500000	3500000
300000	3300000
100000	3300000
100000	3100000
300000	3100000
300000	3300000
500000	3500000
600000	3300000
400000	3300000
400000	3100000
600000	3100000
600000	3300000
500000	3500000
900000	3300000
700000	3300000
700000	3100000
900000	3100000
900000	3300000
500000	3500000
900000	3600000
700000	3600000
700000	3400000
900000	3400000
900000	3600000
500000	3500000
900000	3900000
700000	3900000
700000	3700000
900000	3700000
900000	3900000
500000	3500000
600000	3900000
400000	3900000
400000	3700000
600000	3700000
600000	3900000
500000	3500000
300000	3900000
100000	3900000
100000	3700000
300000	3700000
300000	3900000
500000	3500000
496000	3498750
490080	3499775
200000	3550000
200000	3450000
490570	3497285
490080	3499775
496000	3498750
500000	3500000
497150	3498000
490207	3493040
150000	3250000
250000	3150000
492697	3490550
490207	3493040
497150	3498000
500000	3500000
498500	3498000
497530	3492040
450000	3200000
550000	3200000
500020	3492040
497530	3492040
498500	3498000
500000	3500000
501000	3498750
505980	3491775
750000	3150000
850000	3250000
508470	3494265
505980	3491775
501000	3498750
500000	3500000
504000	3501250
509920	3500225
800000	3450000
800000	3550000
509430	3502715
509920	3500225
504000	3501250
500000	3500000
500000	3502000
507000	3506960
850000	3750000
750000	3850000
504510	3509450
507000	3506960
500000	3502000
500000	3500000
498300	3502000
499334	3507960
550000	3800000
450000	3800000
496844	3507960
499334	3507960
498300	3502000
500000	3500000
497050	3501250
492109	3508225
250000	3850000
150000	3750000
489619	3505735
492109	3508225
497050	3501250
500000	3500000
0	0

1500000	3500000
1300000	3600000
1100000	3600000
1100000	3400000
1300000	3400000
1300000	3600000
1500000	3500000
1300000	3300000
1100000	3300000
1100000	3100000
1300000	3100000
1300000	3300000
1500000	3500000
1600000	3300000
1400000	3300000
1400000	3100000
1600000	3100000
1600000	3300000
1500000	3500000
1900000	3300000
1700000	3300000
1700000	3100000
1900000	3100000
1900000	3300000
1500000	3500000
1900000	3600000
1700000	3600000
1700000	3400000
1900000	3400000
1900000	3600000
1500000	3500000
1900000	3900000
1700000	3900000
1700000	3700000
1900000	3700000
1900000	3900000
1500000	3500000
1600000	3900000
1400000	3900000
1400000	3700000
1600000	3700000
1600000	3900000
1500000	3500000
1300000	3900000
1100000	3900000
1100000	3700000
1300000	3700000
1300000	3900000
1500000	3500000
1400000	3502500
1396000	3503450
1200000	3550000
1200000	3450000
1396000	3496550
1396000	3503450
1400000	3502500
1500000	3500000
1449000	3494500
1443020	3489610
1150000	3250000
1250000	3150000
1446980	3485650
1443020	3489610
1449000	3494500
1500000	3500000
1499000	3493500
1498020	3487630
1450000	3200000
1550000	3200000
1501980	3487630
1498020	3487630
1499000	3493500
1500000	3500000
1549000	3492500
1553020	3485650
1750000	3150000
1850000	3250000
1556980	3489610
1553020	3485650
1549000	3492500
1500000	3500000
1600000	3497500
1604000	3496550
1800000	3450000
1800000	3550000
1604000	3503450
1604000	3496550
1600000	3497500
1500000	3500000
1551000	3505500
1556980	3510390
1850000	3750000
1750000	3850000
1553020	3514350
1556980	3510390
1551000	3505500
1500000	3500000
1501000	3506500
1501980	3512370
1550000	3800000
1450000	3800000
1498020	3512370
1501980	3512370
1501000	3506500
1500000	3500000
1451000	3507500
1446980	3514350
1250000	3850000
1150000	3750000
1443020	3510390
1446980	3514350
1451000	3507500
1500000	3500000
0	0

2500000	3500000
2300000	3600000
2100000	3600000
2100000	3400000
2300000	3400000
2300000	3600000
2500000	3500000
2300000	3300000
2100000	3300000
2100000	3100000
2300000	3100000
2300000	3300000
2500000	3500000
2600000	3300000
2400000	3300000
2400000	3100000
2600000	3100000
2600000	3300000
2500000	3500000
2900000	3300000
2700000	3300000
2700000	3100000
2900000	3100000
2900000	3300000
2500000	3500000
2900000	3600000
2700000	3600000
2700000	3400000
2900000	3400000
2900000	3600000
2500000	3500000
2900000	3900000
2700000	3900000
2700000	3700000
2900000	3700000
2900000	3900000
2500000	3500000
2600000	3900000
2400000	3900000
2400000	3700000
2600000	3700000
2600000	3900000
2500000	3500000
2300000	3900000
2100000	3900000
2100000	3700000
2300000	3700000
2300000	3900000
2500000	3500000
2400000	3502500
2396000	3503450
2200000	3550000
2200000	3450000
2396000	3496550
2396000	3503450
2400000	3502500
2500000	3500000
2449000	3494500
2443020	3489610
2150000	3250000
2250000	3150000
2446980	3485650
2443020	3489610
2449000	3494500
2500000	3500000
2499000	3493500
2498020	3487630
2450000	3200000
2550000	3200000
2501980	3487630
2498020	3487630
2499000	3493500
2500000	3500000
2549000	3492500
2553020	3485650
2750000	3150000
2850000	3250000
2556980	3489610
2553020	3485650
2549000	3492500
2500000	3500000
2600000	3497500
2604000	3496550
2800000	3450000
2800000	3550000
2604000	3503450
2604000	3496550
2600000	3497500
2500000	3500000
2551000	3505500
2556980	3510390
2850000	3750000
2750000	3850000
2553020	3514350
2556980	3510390
2551000	3505500
2500000	3500000
2501000	3506500
2501980	3512370
2550000	3800000
2450000	3800000
2498020	3512370
2501980	3512370
2501000	3506500
2500000	3500000
2451000	3507500
2446980	3514350
2250000	3850000
2150000	3750000
2443020	3510390
2446980	3514350
2451000	3507500
2500000	3500000
0	0

-2500000	2500000
-2700000	2600000
-2900000	2600000
-2900000	2400000
-2700000	2400000
-2700000	2600000
-2500000	2500000
-2700000	2300000
-2900000	2300000
-2900000	2100000
-2700000	2100000
-2700000	2300000
-2500000	2500000
-2400000	2300000
-2600000	2300000
-2600000	2100000
-2400000	2100000
-2400000	2300000
-2500000	2500000
-2100000	2300000
-2300000	2300000
-2300000	2100000
-2100000	2100000
-2100000	2300000
-2500000	2500000
-2100000	2600000
-2300000	2600000
-2300000	2400000
-2100000	2400000
-2100000	2600000
-2500000	2500000
-2100000	2900000
-2300000	2900000
-2300000	2700000
-2100000	2700000
-2100000	2900000
-2500000	2500000
-2400000	2900000
-2600000	2900000
-2600000	2700000
-2400000	2700000
-2400000	2900000
-2500000	2500000
-2700000	2900000
-2900000	2900000
-2900000	2700000
-2700000	2700000
-2700000	2900000
-2500000	2500000
-2502200	2498250
-2508156	2499285
-2800000	2550000
-2800000	2450000
-2508107	2497236
-2508156	2499285
-2502200	2498250
-2500000	2500000
-2501950	2497500
-2508911	2492550
-2850000	2250000
-2750000	2150000
-2506862	2490501
-2508911	2492550
-2501950	2497500
-2500000	2500000
-2501500	2497500
-2502470	2491550
-2550000	2200000
-2450000	2200000
-2500421	2491550
-2502470	2491550
-2501500	2497500
-2500000	2500000
-2499900	2498250
-2494902	2491285
-2250000	2150000
-2150000	2250000
-2492853	2493334
-2494902	2491285
-2499900	2498250
-2500000	2500000
-2497800	2501750
-2491844	2500715
-2200000	2450000
-2200000	2550000
-2491893	2502764
-2491844	2500715
-2497800	2501750
-2500000	2500000
-2500900	2502500
-2493882	2507450
-2150000	2750000
-2250000	2850000
-2495931	2509499
-2493882	2507450
-2500900	2502500
-2500000	2500000
-2501700	2502500
-2500666	2508450
-2450000	2800000
-2550000	2800000
-2502715	2508450
-2500666	2508450
-2501700	2502500
-2500000	2500000
-2502050	2501750
-2507009	2508715
-2750000	2850000
-2850000	2750000
-2509058	2506666
-2507009	2508715
-2502050	2501750
-2500000	2500000
0	0

-1500000	2500000
-1700000	2600000
-1900000	2600000
-1900000	2400000
-1700000	2400000
-1700000	2600000
-1500000	2500000
-1700000	2300000
-1900000	2300000
-1900000	2100000
-1700000	2100000
-1700000	2300000
-1500000	2500000
-1400000	2300000
-1600000	2300000
-1600000	2100000
-1400000	2100000
-1400000	2300000
-1500000	2500000
-1100000	2300000
-1300000	2300000
-1300000	2100000
-1100000	2100000
-1100000	2300000
-1500000	2500000
-1100000	2600000
-1300000	2600000
-1300000	2400000
-1100000	2400000
-1100000	2600000
-1500000	2500000
-1100000	2900000
-1300000	2900000
-1300000	2700000
-1100000	2700000
-1100000	2900000
-1500000	2500000
-1400000	2900000
-1600000	2900000
-1600000	2700000
-1400000	2700000
-1400000	2900000
-1500000	2500000
-1700000	2900000
-1900000	2900000
-1900000	2700000
-1700000	2700000
-1700000	2900000
-1500000	2500000
-1502400	2498250
-1508352	2499285
-1800000	2550000
-1800000	2450000
-1508254	2497187
-1508352	2499285
-1502400	2498250
-1500000	2500000
-1502050	2497500
-1509009	2492550
-1850000	2250000
-1750000	2150000
-1506911	2490452
-1509009	2492550
-1502050	2497500
-1500000	2500000
-1501500	2497500
-1502470	2491550
-1550000	2200000
-1450000	2200000
-1500372	2491550
-1502470	2491550
-1501500	2497500
-1500000	2500000
-1499800	2498250
-1494804	2491285
-1250000	2150000
-1150000	2250000
-1492706	2493383
-1494804	2491285
-1499800	2498250
-1500000	2500000
-1497600	2501750
-1491648	2500715
-1200000	2450000
-1200000	2550000
-1491746	2502813
-1491648	2500715
-1497600	2501750
-1500000	2500000
-1500800	2502500
-1493784	2507450
-1150000	2750000
-1250000	2850000
-1495882	2509548
-1493784	2507450
-1500800	2502500
-1500000	2500000
-1501700	2502500
-1500666	2508450
-1450000	2800000
-1550000	2800000
-1502764	2508450
-1500666	2508450
-1501700	2502500
-1500000	2500000
-1502150	2501750
-1507107	2508715
-1750000	2850000
-1850000	2750000
-1509205	2506617
-1507107	2508715
-1502150	2501750
-1500000	2500000
0	0

-500000	2500000
-700000	2600000
-900000	2600000
-900000	2400000
-700000	2400000
-700000	2600000
-500000	2500000
-700000	2300000
-900000	2300000
-900000	2100000
-700000	2100000
-700000	2300000
-500000	2500000
-400000	2300000
-600000	2300000
-600000	2100000
-400000	2100000
-400000	2300000
-500000	2500000
-100000	2300000
-300000	2300000
-300000	2100000
-100000	2100000
-100000	2300000
-500000	2500000
-100000	2600000
-300000	2600000
-300000	2400000
-100000	2400000
-100000	2600000
-500000	2500000
-100000	2900000
-300000	2900000
-300000	2700000
-100000	2700000
-100000	2900000
-500000	2500000
-400000	2900000
-600000	2900000
-600000	2700000
-400000	2700000
-400000	2900000
-500000	2500000
-700000	2900000
-900000	2900000
-900000	2700000
-700000	2700000
-700000	2900000
-500000	2500000
-502800	2498250
-508744	2499285
-800000	2550000
-800000	2450000
-508548	2497089
-508744	2499285
-502800	2498250
-500000	2500000
-502250	2497500
-509205	2492550
-850000	2250000
-750000	2150000
-507009	2490354
-509205	2492550
-502250	2497500
-500000	2500000
-501500	2497500
-502470	2491550
-550000	2200000
-450000	2200000
-500274	2491550
-502470	2491550
-501500	2497500
-500000	2500000
-499600	2498250
-494608	2491285
-250000	2150000
-150000	2250000
-492412	2493481
-494608	2491285
-499600	2498250
-500000	2500000
-497200	2501750
-491256	2500715
-200000	2450000
-200000	2550000
-491452	2502911
-491256	2500715
-497200	2501750
-500000	2500000
-500600	2502500
-493588	2507450
-150000	2750000
-250000	2850000
-495784	2509646
-493588	2507450
-500600	2502500
-500000	2500000
-501700	2502500
-500666	2508450
-450000	2800000
-550000	2800000
-502862	2508450
-500666	2508450
-501700	2502500
-500000	2500000
-502350	2501750
-507303	2508715
-750000	2850000
-850000	2750000
-509499	2506519
-507303	2508715
-502350	2501750
-500000	2500000
0	0

500000	2500000
300000	2600000
100000	2600000
100000	2400000
300000	2400000
300000	2600000
500000	2500000
300000	2300000
100000	2300000
100000	2100000
300000	2100000
300000	2300000
500000	2500000
600000	2300000
400000	2300000
400000	2100000
600000	2100000
600000	2300000
500000	2500000
900000	2300000
700000	2300000
700000	2100000
900000	2100000
900000	2300000
500000	2500000
900000	2600000
700000	2600000
700000	2400000
900000	2400000
900000	2600000
500000	2500000
900000	2900000
700000	2900000
700000	2700000
900000	2700000
900000	2900000
500000	2500000
600000	2900000
400000	2900000
400000	2700000
600000	2700000
600000	2900000
500000	2500000
300000	2900000
100000	2900000
100000	2700000
300000	2700000
300000	2900000
500000	2500000
496000	2498250
490080	2499285
200000	2550000
200000	2450000
490570	2496795
490080	2499285
496000	2498250
500000	2500000
497150	2497500
490207	2492550
150000	2250000
250000	2150000
492697	2490060
490207	2492550
497150	2497500
500000	2500000
498500	2497500
497530	2491550
450000	2200000
550000	2200000
500020	2491550
497530	2491550
498500	2497500
500000	2500000
501000	2498250
505980	2491285
750000	2150000
850000	2250000
508470	2493775
505980	2491285
501000	2498250
500000	2500000
504000	2501750
509920	2500715
800000	2450000
800000	2550000
509430	2503205
509920	2500715
504000	2501750
500000	2500000
500000	2502500
507000	2507450
850000	2750000
750000	2850000
504510	2509940
507000	2507450
500000	2502500
500000	2500000
498300	2502500
499334	2508450
550000	2800000
450000	2800000
496844	2508450
499334	2508450
498300	2502500
500000	2500000
497050	2501750
492109	2508715
250000	2850000
150000	2750000
489619	2506225
492109	2508715
497050	2501750
500000	2500000
0	0

1500000	2500000
1300000	2600000
1100000	2600000
1100000	2400000
1300000	2400000
1300000	2600000
1500000	2500000
1300000	2300000
1100000	2300000
1100000	2100000
1300000	2100000
1300000	2300000
1500000	2500000
1600000	2300000
1400000	2300000
1400000	2100000
1600000	2100000
1600000	2300000
1500000	2500000
1900000	2300000
1700000	2300000
1700000	2100000
1900000	2100000
1900000	2300000
1500000	2500000
1900000	2600000
1700000	2600000
1700000	2400000
1900000	2400000
1900000	2600000
1500000	2500000
1900000	2900000
1700000	2900000
1700000	2700000
1900000	2700000
1900000	2900000
1500000	2500000
1600000	2900000
1400000	2900000
1400000	2700000
1600000	2700000
1600000	2900000
1500000	2500000
1300000	2900000
1100000	2900000
1100000	2700000
1300000	2700000
1300000	2900000
1500000	2500000
1400000	2505000
1396000	2505900
1200000	2550000
1200000	2450000
1396000	2494100
1396000	2505900
1400000	2505000
1500000	2500000
1449000	2492000
1443020	2487160
1150000	2250000
1250000	2150000
1446980	2483200
1443020	2487160
1449000	2492000
1500000	2500000
1499000	2491000
1498020	2485180
1450000	2200000
1550000	2200000
1501980	2485180
1498020	2485180
1499000	2491000
1500000	2500000
1549000	2490000
1553020	2483200
1750000	2150000
1850000	2250000
1556980	2487160
1553020	2483200
1549000	2490000
1500000	2500000
1600000	2495000
1604000	2494100
1800000	2450000
1800000	2550000
1604000	2505900
1604000	2494100
1600000	2495000
1500000	2500000
1551000	2508000
1556980	2512840
1850000	2750000
1750000	2850000
1553020	2516800
1556980	2512840
1551000	2508000
1500000	2500000
1501000	2509000
1501980	2514820
1550000	2800000
1450000	2800000
1498020	2514820
1501980	2514820
1501000	2509000
1500000	2500000
1451000	2510000
1446980	2516800
1250000	2850000
1150000	2750000
1443020	2512840
1446980	2516800
1451000	2510000
1500000	2500000
0	0

2500000	2500000
2300000	2600000
2100000	2600000
2100000	2400000
2300000	2400000
2300000	2600000
2500000	2500000
2300000	2300000
2100000	2300000
2100000	2100000
2300000	2100000
2300000	2300000
2500000	2500000
2600000	2300000
2400000	2300000
2400000	2100000
2600000	2100000
2600000	2300000
2500000	2500000
2900000	2300000
2700000	2300000
2700000	2100000
2900000	2100000
2900000	2300000
2500000	2500000
2900000	2600000
2700000	2600000
2700000	2400000
2900000	2400000
2900000	2600000
2500000	2500000
2900000	2900000
2700000	2900000
2700000	2700000
2900000	2700000
2900000	2900000
2500000	2500000
2600000	2900000
2400000	2900000
2400000	2700000
2600000	2700000
2600000	2900000
2500000	2500000
2300000	2900000
2100000	2900000
2100000	2700000
2300000	2700000
2300000	2900000
2500000	2500000
2400000	2505000
2396000	2505900
2200000	2550000
2200000	2450000
2396000	2494100
2396000	2505900
2400000	2505000
2500000	2500000
2449000	2492000
2443020	2487160
2150000	2250000
2250000	2150000
2446980	2483200
2443020	2487160
2449000	2492000
2500000	2500000
2499000	2491000
2498020	2485180
2450000	2200000
2550000	2200000
2501980	2485180
2498020	2485180
2499000	2491000
2500000	2500000
2549000	2490000
2553020	2483200
2750000	2150000
2850000	2250000
2556980	2487160
2553020	2483200
2549000	2490000
2500000	2500000
2600000	2495000
2604000	2494100
2800000	2450000
2800000	2550000
2604000	2505900
2604000	2494100
2600000	2495000
2500000	2500000
2551000	2508000
2556980	2512840
2850000	2750000
2750000	2850000
2553020	2516800
2556980	2512840
2551000	2508000
2500000	2500000
2501000	2509000
2501980	2514820
2550000	2800000
2450000	2800000
2498020	2514820
2501980	2514820
2501000	2509000
2500000	2500000
2451000	2510000
2446980	2516800
2250000	2850000
2150000	2750000
2443020	2512840
2446980	2516800
2451000	2510000
2500000	2500000
0	0

-2500000	1500000
-2700000	1600000
-2900000	1600000
-2900000	1400000
-2700000	1400000
-2700000	1600000
-2500000	1500000
-2700000	1300000
-2900000	1300000
-2900000	1100000
-2700000	1100000
-2700000	1300000
-2500000	1500000
-2400000	1300000
-2600000	1300000
-2600000	1100000
-2400000	1100000
-2400000	1300000
-2500000	1500000
-2100000	1300000
-2300000	1300000
-2300000	1100000
-2100000	1100000
-2100000	1300000
-2500000	1500000
-2100000	1600000
-2300000	1600000
-2300000	1400000
-2100000	1400000
-2100000	1600000
-2500000	1500000
-2100000	1900000
-2300000	1900000
-2300000	1700000
-2100000	1700000
-2100000	1900000
-2500000	1500000
-2400000	1900000
-2600000	1900000
-2600000	1700000
-2400000	1700000
-2400000	1900000
-2500000	1500000
-2700000	1900000
-2900000	1900000
-2900000	1700000
-2700000	1700000
-2700000	1900000
-2500000	1500000
-2502200	1496750
-2508156	1497815
-2800000	1550000
-2800000	1450000
-2508107	1495766
-2508156	1497815
-2502200	1496750
-2500000	1500000
-2501950	1496000
-2508911	1491080
-2850000	1250000
-2750000	1150000
-2506862	1489031
-2508911	1491080
-2501950	1496000
-2500000	1500000
-2501500	1496000
-2502470	1490080
-2550000	1200000
-2450000	1200000
-2500421	1490080
-2502470	1490080
-2501500	1496000
-2500000	1500000
-2499900	1496750
-2494902	1489815
-2250000	1150000
-2150000	1250000
-2492853	1491864
-2494902	1489815
-2499900	1496750
-2500000	1500000
-2497800	1503250
-2491844	1502185
-2200000	1450000
-2200000	1550000
-2491893	1504234
-2491844	1502185
-2497800	1503250
-2500000	1500000
-2500900	1504000
-2493882	1508920
-2150000	1750000
-2250000	1850000
-2495931	1510969
-2493882	1508920
-2500900	1504000
-2500000	1500000
-2501700	1504000
-2500666	1509920
-2450000	1800000
-2550000	1800000
-2502715	1509920
-2500666	1509920
-2501700	1504000
-2500000	1500000
-2502050	1503250
-2507009	1510185
-2750000	1850000
-2850000	1750000
-2509058	1508136
-2507009	1510185
-2502050	1503250
-2500000	1500000
0	0

-1500000	1500000
-1700000	1600000
-1900000	1600000
-1900000	1400000
-1700000	1400000
-1700000	1600000
-1500000	1500000
-1700000	1300000
-1900000	1300000
-1900000	1100000
-1700000	1100000
-1700000	1300000
-1500000	1500000
-1400000	1300000
-1600000	1300000
-1600000	1100000
-1400000	1100000
-1400000	1300000
-1500000	1500000
-1100000	1300000
-1300000	1300000
-1300000	1100000
-1100000	1100000
-1100000	1300000
-1500000	1500000
-1100000	1600000
-1300000	1600000
-1300000	1400000
-1100000	1400000
-1100000	1600000
-1500000	1500000
-1100000	1900000
-1300000	1900000
-1300000	1700000
-1100000	1700000
-1100000	1900000
-1500000	1500000
-1400000	1900000
-1600000	1900000
-1600000	1700000
-1400000	1700000
-1400000	1900000
-1500000	1500000
-1700000	1900000
-1900000	1900000
-1900000	1700000
-1700000	1700000
-1700000	1900000
-1500000	1500000
-1502400	1496750
-1508352	1497815
-1800000	1550000
-1800000	1450000
-1508254	1495717
-1508352	1497815
-1502400	1496750
-1500000	1500000
-1502050	1496000
-1509009	1491080
-1850000	1250000
-1750000	1150000
-1506911	1488982
-1509009	1491080
-1502050	1496000
-1500000	1500000
-1501500	1496000
-1502470	1490080
-1550000	1200000
-1450000	1200000
-1500372	1490080
-1502470	1490080
-1501500	1496000
-1500000	1500000
-1499800	1496750
-1494804	1489815
-1250000	1150000
-1150000	1250000
-1492706	1491913
-1494804	1489815
-1499800	1496750
-1500000	1500000
-1497600	1503250
-1491648	1502185
-1200000	1450000
-1200000	1550000
-1491746	1504283
-1491648	1502185
-1497600	1503250
-1500000	1500000
-1500800	1504000
-1493784	1508920
-1150000	1750000
-1250000	1850000
-1495882	1511018
-1493784	1508920
-1500800	1504000
-1500000	1500000
-1501700	1504000
-1500666	1509920
-1450000	1800000
-1550000	1800000
-1502764	1509920
-1500666	1509920
-1501700	1504000
-1500000	1500000
-1502150	1503250
-1507107	1510185
-1750000	1850000
-1850000	1750000
-1509205	1508087
-1507107	1510185
-1502150	1503250
-1500000	1500000
0	0

-500000	1500000
-700000	1600000
-900000	1600000
-900000	1400000
-700000	1400000
-700000	1600000
-500000	1500000
-700000	1300000
-900000	1300000
-900000	1100000
-700000	1100000
-700000	1300000
-500000	1500000
-400000	1300000
-600000	1300000
-600000	1100000
-400000	1100000
-400000	1300000
-500000	1500000
-100000	1300000
-300000	1300000
-300000	1100000
-100000	1100000
-100000	1300000
-500000	1500000
-100000	1600000
-300000	1600000
-300000	1400000
-100000	1400000
-100000	1600000
-500000	1500000
-100000	1900000
-300000	1900000
-300000	1700000
-100000	1700000
-100000	1900000
-500000	1500000
-400000	1900000
-600000	1900000
-600000	1700000
-400000	1700000
-400000	1900000
-500000	1500000
-700000	1900000
-900000	1900000
-900000	1700000
-700000	1700000
-700000	1900000
-500000	1500000
-502800	1496750
-508744	1497815
-800000	1550000
-800000	1450000
-508548	1495619
-508744	1497815
-502800	1496750
-500000	1500000
-502250	1496000
-509205	1491080
-850000	1250000
-750000	1150000
-507009	1488884
-509205	1491080
-502250	1496000
-500000	1500000
-501500	1496000
-502470	1490080
-550000	1200000
-450000	1200000
-500274	1490080
-502470	1490080
-501500	1496000
-500000	1500000
-499600	1496750
-494608	1489815
-250000	1150000
-150000	1250000
-492412	1492011
-494608	1489815
-499600	1496750
-500000	1500000
-497200	1503250
-491256	1502185
-200000	1450000
-200000	1550000
-491452	1504381
-491256	1502185
-497200	1503250
-500000	1500000
-500600	1504000
-493588	1508920
-150000	1750000
-250000	1850000
-495784	1511116
-493588	1508920
-500600	1504000
-500000	1500000
-501700	1504000
-500666	1509920
-450000	1800000
-550000	1800000
-502862	1509920
-500666	1509920
-501700	1504000
-500000	1500000
-502350	1503250
-507303	1510185
-750000	1850000
-850000	1750000
-509499	1507989
-507303	1510185
-502350	1503250
-500000	1500000
0	0

500000	1500000
300000	1600000
100000	1600000
100000	1400000
300000	1400000
300000	1600000
500000	1500000
300000	1300000
100000	1300000
100000	1100000
300000	1100000
300000	1300000
500000	1500000
600000	1300000
400000	1300000
400000	1100000
600000	1100000
600000	1300000
500000	1500000
900000	1300000
700000	1300000
700000	1100000
900000	1100000
900000	1300000
500000	1500000
900000	1600000
700000	1600000
700000	1400000
900000	1400000
900000	1600000
500000	1500000
900000	1900000
700000	1900000
700000	1700000
900000	1700000
900000	1900000
500000	1500000
600000	1900000
400000	1900000
400000	1700000
600000	1700000
600000	1900000
500000	1500000
300000	1900000
100000	1900000
100000	1700000
300000	1700000
300000	1900000
500000	1500000
496000	1496750
490080	1497815
200000	1550000
200000	1450000
490570	1495325
490080	1497815
496000	1496750
500000	1500000
497150	1496000
490207	1491080
150000	1250000
250000	1150000
492697	1488590
490207	1491080
497150	1496000
500000	1500000
498500	1496000
497530	1490080
450000	1200000
550000	1200000
500020	1490080
497530	1490080
498500	1496000
500000	1500000
501000	1496750
505980	1489815
750000	1150000
850000	1250000
508470	1492305
505980	1489815
501000	1496750
500000	1500000
504000	1503250
509920	1502185
800000	1450000
800000	1550000
509430	1504675
509920	1502185
504000	1503250
500000	1500000
500000	1504000
507000	1508920
850000	1750000
750000	1850000
504510	1511410
507000	1508920
500000	1504000
500000	1500000
498300	1504000
499334	1509920
550000	1800000
450000	1800000
496844	1509920
499334	1509920
498300	1504000
500000	1500000
497050	1503250
492109	1510185
250000	1850000
150000	1750000
489619	1507695
492109	1510185
497050	1503250
500000	1500000
0	0

1500000	1500000
1300000	1600000
1100000	1600000
1100000	1400000
1300000	1400000
1300000	1600000
1500000	1500000
1300000	1300000
1100000	1300000
1100000	1100000
1300000	1100000
1300000	1300000
1500000	1500000
1600000	1300000
1400000	1300000
1400000	1100000
1600000	1100000
1600000	1300000
1500000	1500000
1900000	1300000
1700000	1300000
1700000	1100000
1900000	1100000
1900000	1300000
1500000	1500000
1900000	1600000
1700000	1600000
1700000	1400000
1900000	1400000
1900000	1600000
1500000	1500000
1900000	1900000
1700000	1900000
1700000	1700000
1900000	1700000
1900000	1900000
1500000	1500000
1600000	1900000
1400000	1900000
1400000	1700000
1600000	1700000
1600000	1900000
1500000	1500000
1300000	1900000
1100000	1900000
1100000	1700000
1300000	1700000
1300000	1900000
1500000	1500000
1400000	1510000
1396000	1510800
1200000	1550000
1200000	1450000
1396000	1489200
1396000	1510800
1400000	1510000
1500000	1500000
1449000	1487000
1443020	1482260
1150000	1250000
1250000	1150000
1446980	1478300
1443020	1482260
1449000	1487000
1500000	1500000
1499000	1486000
1498020	1480280
1450000	1200000
1550000	1200000
1501980	1480280
1498020	1480280
1499000	1486000
1500000	1500000
1549000	1485000
1553020	1478300
1750000	1150000
1850000	1250000
1556980	1482260
1553020	1478300
1549000	1485000
1500000	1500000
1600000	1490000
1604000	1489200
1800000	1450000
1800000	1550000
1604000	1510800
1604000	1489200
1600000	1490000
1500000	1500000
1551000	1513000
1556980	1517740
1850000	1750000
1750000	1850000
1553020	1521700
1556980	1517740
1551000	1513000
1500000	1500000
1501000	1514000
1501980	1519720
1550000	1800000
1450000	1800000
1498020	1519720
1501980	1519720
1501000	1514000
1500000	1500000
1451000	1515000
1446980	1521700
1250000	1850000
1150000	1750000
1443020	1517740
1446980	1521700
1451000	1515000
1500000	1500000
0	0

2500000	1500000
2300000	1600000
2100000	1600000
2100000	1400000
2300000	1400000
2300000	1600000
2500000	1500000
2300000	1300000
2100000	1300000
2100000	1100000
2300000	1100000
2300000	1300000
2500000	1500000
2600000	1300000
2400000	1300000
2400000	1100000
2600000	1100000
2600000	1300000
2500000	1500000
2900000	1300000
2700000	1300000
2700000	1100000
2900000	1100000
2900000	1300000
2500000	1500000
2900000	1600000
2700000	1600000
2700000	1400000
2900000	1400000
2900000	1600000
2500000	1500000
2900000	1900000
2700000	1900000
2700000	1700000
2900000	1700000
2900000	1900000
2500000	1500000
2600000	1900000
2400000	1900000
2400000	1700000
2600000	1700000
2600000	1900000
2500000	1500000
2300000	1900000
2100000	1900000
2100000	1700000
2300000	1700000
2300000	1900000
2500000	1500000
2400000	1510000
2396000	1510800
2200000	1550000
2200000	1450000
2396000	1489200
2396000	1510800
2400000	1510000
2500000	1500000
2449000	1487000
2443020	1482260
2150000	1250000
2250000	1150000
2446980	1478300
2443020	1482260
2449000	1487000
2500000	1500000
2499000	1486000
2498020	1480280
2450000	1200000
2550000	1200000
2501980	1480280
2498020	1480280
2499000	1486000
2500000	1500000
2549000	1485000
2553020	1478300
2750000	1150000
2850000	1250000
2556980	1482260
2553020	1478300
2549000	1485000
2500000	1500000
2600000	1490000
2604000	1489200
2800000	1450000
2800000	1550000
2604000	1510800
2604000	1489200
2600000	1490000
2500000	1500000
2551000	1513000
2556980	1517740
2850000	1750000
2750000	1850000
2553020	1521700
2556980	1517740
2551000	1513000
2500000	1500000
2501000	1514000
2501980	1519720
2550000	1800000
2450000	1800000
2498020	1519720
2501980	1519720
2501000	1514000
2500000	1500000
2451000	1515000
2446980	1521700
2250000	1850000
2150000	1750000
2443020	1517740
2446980	1521700
2451000	1515000
2500000	1500000
0	0

-2500000	500000
-2700000	600000
-2900000	600000
-2900000	400000
-2700000	400000
-2700000	600000
-2500000	500000
-2700000	300000
-2900000	300000
-2900000	100000
-2700000	100000
-2700000	300000
-2500000	500000
-2400000	300000
-2600000	300000
-2600000	100000
-2400000	100000
-2400000	300000
-2500000	500000
-2100000	300000
-2300000	300000
-2300000	100000
-2100000	100000
-2100000	300000
-2500000	500000
-2100000	600000
-2300000	600000
-2300000	400000
-2100000	400000
-2100000	600000
-2500000	500000
-2100000	900000
-2300000	900000
-2300000	700000
-2100000	700000
-2100000	900000
-2500000	500000
-2400000	900000
-2600000	900000
-2600000	700000
-2400000	700000
-2400000	900000
-2500000	500000
-2700000	900000
-2900000	900000
-2900000	700000
-2700000	700000
-2700000	900000
-2500000	500000
-2502200	494250
-2508156	495365
-2800000	550000
-2800000	450000
-2508107	493316
-2508156	495365
-2502200	494250
-2500000	500000
-2501950	493500
-2508911	488630
-2850000	250000
-2750000	150000
-2506862	486581
-2508911	488630
-2501950	493500
-2500000	500000
-2501500	493500
-2502470	487630
-2550000	200000
-2450000	200000
-2500421	487630
-2502470	487630
-2501500	493500
-2500000	500000
-2499900	494250
-2494902	487365
-2250000	150000
-2150000	250000
-2492853	489414
-2494902	487365
-2499900	494250
-2500000	500000
-2497800	505750
-2491844	504635
-2200000	450000
-2200000	550000
-2491893	506684
-2491844	504635
-2497800	505750
-2500000	500000
-2500900	506500
-2493882	511370
-2150000	750000
-2250000	850000
-2495931	513419
-2493882	511370
-2500900	506500
-2500000	500000
-2501700	506500
-2500666	512370
-2450000	800000
-2550000	800000
-2502715	512370
-2500666	512370
-2501700	506500
-2500000	500000
-2502050	505750
-2507009	512635
-2750000	850000
-2850000	750000
-2509058	510586
-2507009	512635
-2502050	505750
-2500000	500000
0	0

-1500000	500000
-1700000	600000
-1900000	600000
-1900000	400000
-1700000	400000
-1700000	600000
-1500000	500000
-1700000	300000
-1900000	300000
-1900000	100000
-1700000	100000
-1700000	300000
-1500000	500000
-1400000	300000
-1600000	300000
-1600000	100000
-1400000	100000
-1400000	300000
-1500000	500000
-1100000	300000
-1300000	300000
-1300000	100000
-1100000	100000
-1100000	300000
-1500000	500000
-1100000	600000
-1300000	600000
-1300000	400000
-1100000	400000
-1100000	600000
-1500000	500000
-1100000	900000
-1300000	900000
-1300000	700000
-1100000	700000
-1100000	900000
-1500000	500000
-1400000	900000
-1600000	900000
-1600000	700000
-1400000	700000
-1400000	900000
-1500000	500000
-1700000	900000
-1900000	900000
-1900000	700000
-1700000	700000
-1700000	900000
-1500000	500000
-1502400	494250
-1508352	495365
-1800000	550000
-1800000	450000
-1508254	493267
-1508352	495365
-1502400	494250
-1500000	500000
-1502050	493500
-1509009	488630
-1850000	250000
-1750000	150000
-1506911	486532
-1509009	488630
-1502050	493500
-1500000	500000
-1501500	493500
-1502470	487630
-1550000	200000
-1450000	200000
-1500372	487630
-1502470	487630
-1501500	493500
-1500000	500000
-1499800	494250
-1494804	487365
-1250000	150000
-1150000	250000
-1492706	489463
-1494804	487365
-1499800	494250
-1500000	500000
-1497600	505750
-1491648	504635
-1200000	450000
-1200000	550000
-1491746	506733
-1491648	504635
-1497600	505750
-1500000	500000
-1500800	506500
-1493784	511370
-1150000	750000
-1250000	850000
-1495882	513468
-1493784	511370
-1500800	506500
-1500000	500000
-1501700	506500
-1500666	512370
-1450000	800000
-1550000	800000
-1502764	512370
-1500666	512370
-1501700	506500
-1500000	500000
-1502150	505750
-1507107	512635
-1750000	850000
-1850000	750000
-1509205	510537
-1507107	512635
-1502150	505750
-1500000	500000
0	0

-500000	500000
-700000	600000
-900000	600000
-900000	400000
-700000	400000
-700000	600000
-500000	500000
-700000	300000
-900000	300000
-900000	100000
-700000	100000
-700000	300000
-500000	500000
-400000	300000
-600000	300000
-600000	100000
-400000	100000
-400000	300000
-500000	500000
-100000	300000
-300000	300000
-300000	100000
-100000	100000
-100000	300000
-500000	500000
-100000	600000
-300000	600000
-300000	400000
-100000	400000
-100000	600000
-500000	500000
-100000	900000
-300000	900000
-300000	700000
-100000	700000
-100000	900000
-500000	500000
-400000	900000
-600000	900000
-600000	700000
-400000	700000
-400000	900000
-500000	500000
-700000	900000
-900000	900000
-900000	700000
-700000	700000
-700000	900000
-500000	500000
-502800	494250
-508744	495365
-800000	550000
-800000	450000
-508548	493169
-508744	495365
-502800	494250
-500000	500000
-502250	493500
-509205	488630
-850000	250000
-750000	150000
-507009	486434
-509205	488630
-502250	493500
-500000	500000
-501500	493500
-502470	487630
-550000	200000
-450000	200000
-500274	487630
-502470	487630
-501500	493500
-500000	500000
-499600	494250
-494608	487365
-250000	150000
-150000	250000
-492412	489561
-494608	487365
-499600	494250
-500000	500000
-497200	505750
-491256	504635
-200000	450000
-200000	550000
-491452	506831
-491256	504635
-497200	505750
-500000	500000
-500600	506500
-493588	511370
-150000	750000
-250000	850000
-495784	513566
-493588	511370
-500600	506500
-500000	500000
-501700	506500
-500666	512370
-450000	800000
-550000	800000
-502862	512370
-500666	512370
-501700	506500
-500000	500000
-502350	505750
-507303	512635
-750000	850000
-850000	750000
-509499	510439
-507303	512635
-502350	505750
-500000	500000
0	0

500000	500000
300000	600000
100000	600000
100000	400000
300000	400000
300000	600000
500000	500000
300000	300000
100000	300000
100000	100000
300000	100000
300000	300000
500000	500000
600000	300000
400000	300000
400000	100000
600000	100000
600000	300000
500000	500000
900000	300000
700000	300000
700000	100000
900000	100000
900000	300000
500000	500000
900000	600000
700000	600000
700000	400000
900000	400000
900000	600000
500000	500000
900000	900000
700000	900000
700000	700000
900000	700000
900000	900000
500000	500000
600000	900000
400000	900000
400000	700000
600000	700000
600000	900000
500000	500000
300000	900000
100000	900000
100000	700000
300000	700000
300000	900000
500000	500000
496000	494250
490080	495365
200000	550000
200000	450000
490570	492875
490080	495365
496000	494250
500000	500000
497150	493500
490207	488630
150000	250000
250000	150000
492697	486140
490207	488630
497150	493500
500000	500000
498500	493500
497530	487630
450000	200000
550000	200000
500020	487630
497530	487630
498500	493500
500000	500000
501000	494250
505980	487365
750000	150000
850000	250000
508470	489855
505980	487365
501000	494250
500000	500000
504000	505750
509920	504635
800000	450000
800000	550000
509430	507125
509920	504635
504000	505750
500000	500000
500000	506500
507000	511370
850000	750000
750000	850000
504510	513860
507000	511370
500000	506500
500000	500000
498300	506500
499334	512370
550000	800000
450000	800000
496844	512370
499334	512370
498300	506500
500000	500000
497050	505750
492109	512635
250000	850000
150000	750000
489619	510145
492109	512635
497050	505750
500000	500000
0	0

1500000	500000
1300000	600000
1100000	600000
1100000	400000
1300000	400000
1300000	600000
1500000	500000
1300000	300000
1100000	300000
1100000	100000
1300000	100000
1300000	300000
1500000	500000
1600000	300000
1400000	300000
1400000	100000
1600000	100000
1600000	300000
1500000	500000
1900000	300000
1700000	300000
1700000	100000
1900000	100000
1900000	300000
1500000	500000
1900000	600000
1700000	600000
1700000	400000
1900000	400000
1900000	600000
1500000	500000
1900000	900000
1700000	900000
1700000	700000
1900000	700000
1900000	900000
1500000	500000
1600000	900000
1400000	900000
1400000	700000
1600000	700000
1600000	900000
1500000	500000
1300000	900000
1100000	900000
1100000	700000
1300000	700000
1300000	900000
1500000	500000
1400000	525000
1396000	525500
1200000	550000
1200000	450000
1396000	474500
1396000	525500
1400000	525000
1500000	500000
1449000	472000
1443020	467560
1150000	250000
1250000	150000
1446980	463600
1443020	467560
1449000	472000
1500000	500000
1499000	471000
1498020	465580
1450000	200000
1550000	200000
1501980	465580
1498020	465580
1499000	471000
1500000	500000
1549000	470000
1553020	463600
1750000	150000
1850000	250000
1556980	467560
1553020	463600
1549000	470000
1500000	500000
1600000	475000
1604000	474500
1800000	450000
1800000	550000
1604000	525500
1604000	474500
1600000	475000
1500000	500000
1551000	528000
1556980	532440
1850000	750000
1750000	850000
1553020	536400
1556980	532440
1551000	528000
1500000	500000
1501000	529000
1501980	534420
1550000	800000
1450000	800000
1498020	534420
1501980	534420
1501000	529000
1500000	500000
1451000	530000
1446980	536400
1250000	850000
1150000	750000
1443020	532440
1446980	536400
1451000	530000
1500000	500000
0	0

2500000	500000
2300000	600000
2100000	600000
2100000	400000
2300000	400000
2300000	600000
2500000	500000
2300000	300000
2100000	300000
2100000	100000
2300000	100000
2300000	300000
2500000	500000
2600000	300000
2400000	300000
2400000	100000
2600000	100000
2600000	300000
2500000	500000
2900000	300000
2700000	300000
2700000	100000
2900000	100000
2900000	300000
2500000	500000
2900000	600000
2700000	600000
2700000	400000
2900000	400000
2900000	600000
2500000	500000
2900000	900000
2700000	900000
2700000	700000
2900000	700000
2900000	900000
2500000	500000
2600000	900000
2400000	900000
2400000	700000
2600000	700000
2600000	900000
2500000	500000
2300000	900000
2100000	900000
2100000	700000
2300000	700000
2300000	900000
2500000	500000
2400000	525000
2396000	525500
2200000	550000
2200000	450000
2396000	474500
2396000	525500
2400000	525000
2500000	500000
2449000	472000
2443020	467560
2150000	250000
2250000	150000
2446980	463600
2443020	467560
2449000	472000
2500000	500000
2499000	471000
2498020	465580
2450000	200000
2550000	200000
2501980	465580
2498020	465580
2499000	471000
2500000	500000
2549000	470000
2553020	463600
2750000	150000
2850000	250000
2556980	467560
2553020	463600
2549000	470000
2500000	500000
2600000	475000
2604000	474500
2800000	450000
2800000	550000
2604000	525500
2604000	474500
2600000	475000
2500000	500000
2551000	528000
2556980	532440
2850000	750000
2750000	850000
2553020	536400
2556980	532440
2551000	528000
2500000	500000
2501000	529000
2501980	534420
2550000	800000
2450000	800000
2498020	534420
2501980	534420
2501000	529000
2500000	500000
2451000	530000
2446980	536400
2250000	850000
2150000	750000
2443020	532440
2446980	536400
2451000	530000
2500000	500000
0	0

-2500000	-500000
-2700000	-400000
-2900000	-400000
-2900000	-600000
-2700000	-600000
-2700000	-400000
-2500000	-500000
-2700000	-700000
-2900000	-700000
-2900000	-900000
-2700000	-900000
-2700000	-700000
-2500000	-500000
-2400000	-700000
-2600000	-700000
-2600000	-900000
-2400000	-900000
-2400000	-700000
-2500000	-500000
-2100000	-700000
-2300000	-700000
-2300000	-900000
-2100000	-900000
-2100000	-700000
-2500000	-500000
-2100000	-400000
-2300000	-400000
-2300000	-600000
-2100000	-600000
-2100000	-400000
-2500000	-500000
-2100000	-100000
-2300000	-100000
-2300000	-300000
-2100000	-300000
-2100000	-100000
-2500000	-500000
-2400000	-100000
-2600000	-100000
-2600000	-300000
-2400000	-300000
-2400000	-100000
-2500000	-500000
-2700000	-100000
-2900000	-100000
-2900000	-300000
-2700000	-300000
-2700000	-100000
-2500000	-500000
-2538759	-524975
-2543983	-523475
-2800000	-450000
-2800000	-550000
-2543983	-525524
-2543983	-523475
-2538759	-524975
-2500000	-500000
-2538609	-599975
-2544836	-602975
-2850000	-750000
-2750000	-850000
-2542812	-605024
-2544836	-602975
-2538609	-599975
-2500000	-500000
-2500025	-600175
-2501024	-604171
-2550000	-800000
-2450000	-800000
-2498975	-604171
-2501024	-604171
-2500025	-600175
-2500000	-500000
-2461240	-575025
-2457016	-580524
-2250000	-850000
-2150000	-750000
-2454991	-578475
-2457016	-580524
-2461240	-575025
-2500000	-500000
-2461240	-475025
-2456016	-476524
-2200000	-550000
-2200000	-450000
-2456016	-474475
-2456016	-476524
-2461240	-475025
-2500000	-500000
-2461390	-400025
-2455163	-397024
-2150000	-250000
-2250000	-150000
-2457187	-394975
-2455163	-397024
-2461390	-400025
-2500000	-500000
-2499975	-399825
-2498975	-395828
-2450000	-200000
-2550000	-200000
-2501024	-395828
-2498975	-395828
-2499975	-399825
-2500000	-500000
-2538759	-424975
-2542983	-419475
-2750000	-150000
-2850000	-250000
-2545008	-421524
-2542983	-419475
-2538759	-424975
-2500000	-500000
0	0

-1500000	-500000
-1700000	-400000
-1900000	-400000
-1900000	-600000
-1700000	-600000
-1700000	-400000
-1500000	-500000
-1700000	-700000
-1900000	-700000
-1900000	-900000
-1700000	-900000
-1700000	-700000
-1500000	-500000
-1400000	-700000
-1600000	-700000
-1600000	-900000
-1400000	-900000
-1400000	-700000
-1500000	-500000
-1100000	-700000
-1300000	-700000
-1300000	-900000
-1100000	-900000
-1100000	-700000
-1500000	-500000
-1100000	-400000
-1300000	-400000
-1300000	-600000
-1100000	-600000
-1100000	-400000
-1500000	-500000
-1100000	-100000
-1300000	-100000
-1300000	-300000
-1100000	-300000
-1100000	-100000
-1500000	-500000
-1400000	-100000
-1600000	-100000
-1600000	-300000
-1400000	-300000
-1400000	-100000
-1500000	-500000
-1700000	-100000
-1900000	-100000
-1900000	-300000
-1700000	-300000
-1700000	-100000
-1500000	-500000
-1538759	-524975
-1543983	-523475
-1800000	-450000
-1800000	-550000
-1543983	-525524
-1543983	-523475
-1538759	-524975
-1500000	-500000
-1538609	-599975
-1544836	-602975
-1850000	-750000
-1750000	-850000
-1542812	-605024
-1544836	-602975
-1538609	-599975
-1500000	-500000
-1500025	-600175
-1501024	-604171
-1550000	-800000
-1450000	-800000
-1498975	-604171
-1501024	-604171
-1500025	-600175
-1500000	-500000
-1461240	-575025
-1457016	-580524
-1250000	-850000
-1150000	-750000
-1454991	-578475
-1457016	-580524
-1461240	-575025
-1500000	-500000
-1461240	-475025
-1456016	-476524
-1200000	-550000
-1200000	-450000
-1456016	-474475
-1456016	-476524
-1461240	-475025
-1500000	-500000
-1461390	-400025
-1455163	-397024
-1150000	-250000
-1250000	-150000
-1457187	-394975
-1455163	-397024
-1461390	-400025
-1500000	-500000
-1499975	-399825
-1498975	-395828
-1450000	-200000
-1550000	-200000
-1501024	-395828
-1498975	-395828
-1499975	-399825
-1500000	-500000
-1538759	-424975
-1542983	-419475
-1750000	-150000
-1850000	-250000
-1545008	-421524
-1542983	-419475
-1538759	-424975
-1500000	-500000
0	0

-500000	-500000
-700000	-400000
-900000	-400000
-900000	-600000
-700000	-600000
-700000	-400000
-500000	-500000
-700000	-700000
-900000	-700000
-900000	-900000
-700000	-900000
-700000	-700000
-500000	-500000
-400000	-700000
-600000	-700000
-600000	-900000
-400000	-900000
-400000	-700000
-500000	-500000
-100000	-700000
-300000	-700000
-300000	-900000
-100000	-900000
-100000	-700000
-500000	-500000
-100000	-400000
-300000	-400000
-300000	-600000
-100000	-600000
-100000	-400000
-500000	-500000
-100000	-100000
-300000	-100000
-300000	-300000
-100000	-300000
-100000	-100000
-500000	-500000
-400000	-100000
-600000	-100000
-600000	-300000
-400000	-300000
-400000	-100000
-500000	-500000
-700000	-100000
-900000	-100000
-900000	-300000
-700000	-300000
-700000	-100000
-500000	-500000
-588759	-524975
-592983	-523475
-800000	-450000
-800000	-550000
-592983	-525524
-592983	-523475
-588759	-524975
-500000	-500000
-588609	-599975
-593836	-602975
-850000	-750000
-750000	-850000
-591812	-605024
-593836	-602975
-588609	-599975
-500000	-500000
-500025	-600175
-501024	-604171
-550000	-800000
-450000	-800000
-498975	-604171
-501024	-604171
-500025	-600175
-500000	-500000
-411240	-575025
-408016	-580524
-250000	-850000
-150000	-750000
-405991	-578475
-408016	-580524
-411240	-575025
-500000	-500000
-411240	-475025
-407016	-476524
-200000	-550000
-200000	-450000
-407016	-474475
-407016	-476524
-411240	-475025
-500000	-500000
-411390	-400025
-406163	-397024
-150000	-250000
-250000	-150000
-408187	-394975
-406163	-397024
-411390	-400025
-500000	-500000
-499975	-399825
-498975	-395828
-450000	-200000
-550000	-200000
-501024	-395828
-498975	-395828
-499975	-399825
-500000	-500000
-588759	-424975
-591983	-419475
-750000	-150000
-850000	-250000
-594008	-421524
-591983	-419475
-588759	-424975
-500000	-500000
0	0

500000	-500000
300000	-400000
100000	-400000
100000	-600000
300000	-600000
300000	-400000
500000	-500000
300000	-700000
100000	-700000
100000	-900000
300000	-900000
300000	-700000
500000	-500000
600000	-700000
400000	-700000
400000	-900000
600000	-900000
600000	-700000
500000	-500000
900000	-700000
700000	-700000
700000	-900000
900000	-900000
900000	-700000
500000	-500000
900000	-400000
700000	-400000
700000	-600000
900000	-600000
900000	-400000
500000	-500000
900000	-100000
700000	-100000
700000	-300000
900000	-300000
900000	-100000
500000	-500000
600000	-100000
400000	-100000
400000	-300000
600000	-300000
600000	-100000
500000	-500000
300000	-100000
100000	-100000
100000	-300000
300000	-300000
300000	-100000
500000	-500000
411240	-524975
407016	-523475
200000	-450000
200000	-550000
407016	-525524
407016	-523475
411240	-524975
500000	-500000
411390	-599975
406163	-602975
150000	-750000
250000	-850000
408187	-605024
406163	-602975
411390	-599975
500000	-500000
499975	-600175
498975	-604171
450000	-800000
550000	-800000
501024	-604171
498975	-604171
499975	-600175
500000	-500000
588759	-575025
591983	-580524
750000	-850000
850000	-750000
594008	-578475
591983	-580524
588759	-575025
500000	-500000
588759	-475025
592983	-476524
800000	-550000
800000	-450000
592983	-474475
592983	-476524
588759	-475025
500000	-500000
588609	-400025
593836	-397024
850000	-250000
750000	-150000
591812	-394975
593836	-397024
588609	-400025
500000	-500000
500025	-399825
501024	-395828
550000	-200000
450000	-200000
498975	-395828
501024	-395828
500025	-399825
500000	-500000
411240	-424975
408016	-419475
250000	-150000
150000	-250000
405991	-421524
408016	-419475
411240	-424975
500000	-500000
0	0

1500000	-500000
1300000	-400000
1100000	-400000
1100000	-600000
1300000	-600000
1300000	-400000
1500000	-500000
1300000	-700000
1100000	-700000
1100000	-900000
1300000	-900000
1300000	-700000
1500000	-500000
1600000	-700000
1400000	-700000
1400000	-900000
1600000	-900000
1600000	-700000
1500000	-500000
1900000	-700000
1700000	-700000
1700000	-900000
1900000	-900000
1900000	-700000
1500000	-500000
1900000	-400000
1700000	-400000
1700000	-600000
1900000	-600000
1900000	-400000
1500000	-500000
1900000	-100000
1700000	-100000
1700000	-300000
1900000	-300000
1900000	-100000
1500000	-500000
1600000	-100000
1400000	-100000
1400000	-300000
1600000	-300000
1600000	-100000
1500000	-500000
1300000	-100000
1100000	-100000
1100000	-300000
1300000	-300000
1300000	-100000
1500000	-500000
1499000	-420000
1493020	-420600
1200000	-450000
1200000	-550000
1494980	-424560
1493020	-420600
1499000	-420000
1500000	-500000
1480000	-599000
1473400	-602020
1150000	-750000
1250000	-850000
1475400	-605980
1473400	-602020
1480000	-599000
1500000	-500000
1499000	-620000
1498020	-623600
1450000	-800000
1550000	-800000
1501980	-623600
1498020	-623600
1499000	-620000
1500000	-500000
1520000	-601000
1524600	-605980
1750000	-850000
1850000	-750000
1526600	-602020
1524600	-605980
1520000	-601000
1500000	-500000
1501000	-580000
1506980	-579400
1800000	-550000
1800000	-450000
1505020	-575440
1506980	-579400
1501000	-580000
1500000	-500000
1520000	-401000
1526600	-397980
1850000	-250000
1750000	-150000
1524600	-394020
1526600	-397980
1520000	-401000
1500000	-500000
1501000	-380000
1501980	-376400
1550000	-200000
1450000	-200000
1498020	-376400
1501980	-376400
1501000	-380000
1500000	-500000
1480000	-399000
1475400	-394020
1250000	-150000
1150000	-250000
1473400	-397980
1475400	-394020
1480000	-399000
1500000	-500000
0	0

2500000	-500000
2300000	-400000
2100000	-400000
2100000	-600000
2300000	-600000
2300000	-400000
2500000	-500000
2300000	-700000
2100000	-700000
2100000	-900000
2300000	-900000
2300000	-700000
2500000	-500000
2600000	-700000
2400000	-700000
2400000	-900000
2600000	-900000
2600000	-700000
2500000	-500000
2900000	-700000
2700000	-700000
2700000	-900000
2900000	-900000
2900000	-700000
2500000	-500000
2900000	-400000
2700000	-400000
2700000	-600000
2900000	-600000
2900000	-400000
2500000	-500000
2900000	-100000
2700000	-100000
2700000	-300000
2900000	-300000
2900000	-100000
2500000	-500000
2600000	-100000
2400000	-100000
2400000	-300000
2600000	-300000
2600000	-100000
2500000	-500000
2300000	-100000
2100000	-100000
2100000	-300000
2300000	-300000
2300000	-100000
2500000	-500000
2499000	-450000
2493020	-450000
2200000	-450000
2200000	-550000
2494980	-453960
2493020	-450000
2499000	-450000
2500000	-500000
2450000	-599000
2444000	-602020
2150000	-750000
2250000	-850000
2446000	-605980
2444000	-602020
2450000	-599000
2500000	-500000
2499000	-650000
2498020	-653000
2450000	-800000
2550000	-800000
2501980	-653000
2498020	-653000
2499000	-650000
2500000	-500000
2550000	-601000
2554000	-605980
2750000	-850000
2850000	-750000
2556000	-602020
2554000	-605980
2550000	-601000
2500000	-500000
2501000	-550000
2506980	-550000
2800000	-550000
2800000	-450000
2505020	-546040
2506980	-550000
2501000	-550000
2500000	-500000
2550000	-401000
2556000	-397980
2850000	-250000
2750000	-150000
2554000	-394020
2556000	-397980
2550000	-401000
2500000	-500000
2501000	-350000
2501980	-347000
2550000	-200000
2450000	-200000
2498020	-347000
2501980	-347000
2501000	-350000
2500000	-500000
2450000	-399000
2446000	-394020
2250000	-150000
2150000	-250000
2444000	-397980
2446000	-394020
2450000	-399000
2500000	-500000
0	0

-2500000	-1500000
-2700000	-1400000
-2900000	-1400000
-2900000	-1600000
-2700000	-1600000
-2700000	-1400000
-2500000	-1500000
-2700000	-1700000
-2900000	-1700000
-2900000	-1900000
-2700000	-1900000
-2700000	-1700000
-2500000	-1500000
-2400000	-1700000
-2600000	-1700000
-2600000	-1900000
-2400000	-1900000
-2400000	-1700000
-2500000	-1500000
-2100000	-1700000
-2300000	-1700000
-2300000	-1900000
-2100000	-1900000
-2100000	-1700000
-2500000	-1500000
-2100000	-1400000
-2300000	-1400000
-2300000	-1600000
-2100000	-1600000
-2100000	-1400000
-2500000	-1500000
-2100000	-1100000
-2300000	-1100000
-2300000	-1300000
-2100000	-1300000
-2100000	-1100000
-2500000	-1500000
-2400000	-1100000
-2600000	-1100000
-2600000	-1300000
-2400000	-1300000
-2400000	-1100000
-2500000	-1500000
-2700000	-1100000
-2900000	-1100000
-2900000	-1300000
-2700000	-1300000
-2700000	-1100000
-2500000	-1500000
-2538784	-1524975
-2544008	-1523475
-2800000	-1450000
-2800000	-1550000
-2544008	-1525524
-2544008	-1523475
-2538784	-1524975
-2500000	-1500000
-2538634	-1599950
-2544861	-1602951
-2850000	-1750000
-2750000	-1850000
-2542812	-1605049
-2544861	-1602951
-2538634	-1599950
-2500000	-1500000
-2500025	-1600200
-2501024	-1604196
-2550000	-1800000
-2450000	-1800000
-2498975	-1604196
-2501024	-1604196
-2500025	-1600200
-2500000	-1500000
-2461215	-1575025
-2456991	-1580524
-2250000	-1850000
-2150000	-1750000
-2454967	-1578475
-2456991	-1580524
-2461215	-1575025
-2500000	-1500000
-2461215	-1475025
-2455991	-1476524
-2200000	-1550000
-2200000	-1450000
-2455991	-1474475
-2455991	-1476524
-2461215	-1475025
-2500000	-1500000
-2461365	-1400050
-2455138	-1397049
-2150000	-1250000
-2250000	-1150000
-2457187	-1394951
-2455138	-1397049
-2461365	-1400050
-2500000	-1500000
-2499975	-1399800
-2498975	-1395804
-2450000	-1200000
-2550000	-1200000
-2501024	-1395804
-2498975	-1395804
-2499975	-1399800
-2500000	-1500000
-2538784	-1424975
-2543008	-1419475
-2750000	-1150000
-2850000	-1250000
-2545032	-1421524
-2543008	-1419475
-2538784	-1424975
-2500000	-1500000
0	0

-1500000	-1500000
-1700000	-1400000
-1900000	-1400000
-1900000	-1600000
-1700000	-1600000
-1700000	-1400000
-1500000	-1500000
-1700000	-1700000
-1900000	-1700000
-1900000	-1900000
-1700000	-1900000
-1700000	-1700000
-1500000	-1500000
-1400000	-1700000
-1600000	-1700000
-1600000	-1900000
-1400000	-1900000
-1400000	-1700000
-1500000	-1500000
-1100000	-1700000
-1300000	-1700000
-1300000	-1900000
-1100000	-1900000
-1100000	-1700000
-1500000	-1500000
-1100000	-1400000
-1300000	-1400000
-1300000	-1600000
-1100000	-1600000
-1100000	-1400000
-1500000	-1500000
-1100000	-1100000
-1300000	-1100000
-1300000	-1300000
-1100000	-1300000
-1100000	-1100000
-1500000	-1500000
-1400000	-1100000
-1600000	-1100000
-1600000	-1300000
-1400000	-1300000
-1400000	-1100000
-1500000	-1500000
-1700000	-1100000
-1900000	-1100000
-1900000	-1300000
-1700000	-1300000
-1700000	-1100000
-1500000	-1500000
-1538784	-1524975
-1544008	-1523475
-1800000	-1450000
-1800000	-1550000
-1544008	-1525524
-1544008	-1523475
-1538784	-1524975
-1500000	-1500000
-1538634	-1599950
-1544861	-1602951
-1850000	-1750000
-1750000	-1850000
-1542812	-1605049
-1544861	-1602951
-1538634	-1599950
-1500000	-1500000
-1500025	-1600200
-1501024	-1604196
-1550000	-1800000
-1450000	-1800000
-1498975	-1604196
-1501024	-1604196
-1500025	-1600200
-1500000	-1500000
-1461215	-1575025
-1456991	-1580524
-1250000	-1850000
-1150000	-1750000
-1454967	-1578475
-1456991	-1580524
-1461215	-1575025
-1500000	-1500000
-1461215	-1475025
-1455991	-1476524
-1200000	-1550000
-1200000	-1450000
-1455991	-1474475
-1455991	-1476524
-1461215	-1475025
-1500000	-1500000
-1461365	-1400050
-1455138	-1397049
-1150000	-1250000
-1250000	-1150000
-1457187	-1394951
-1455138	-1397049
-1461365	-1400050
-1500000	-1500000
-1499975	-1399800
-1498975	-1395804
-1450000	-1200000
-1550000	-1200000
-1501024	-1395804
-1498975	-1395804
-1499975	-1399800
-1500000	-1500000
-1538784	-1424975
-1543008	-1419475
-1750000	-1150000
-1850000	-1250000
-1545032	-1421524
-1543008	-1419475
-1538784	-1424975
-1500000	-1500000
0	0

-500000	-1500000
-700000	-1400000
-900000	-1400000
-900000	-1600000
-700000	-1600000
-700000	-1400000
-500000	-1500000
-700000	-1700000
-900000	-1700000
-900000	-1900000
-700000	-1900000
-700000	-1700000
-500000	-1500000
-400000	-1700000
-600000	-1700000
-600000	-1900000
-400000	-1900000
-400000	-1700000
-500000	-1500000
-100000	-1700000
-300000	-1700000
-300000	-1900000
-100000	-1900000
-100000	-1700000
-500000	-1500000
-100000	-1400000
-300000	-1400000
-300000	-1600000
-100000	-1600000
-100000	-1400000
-500000	-1500000
-100000	-1100000
-300000	-1100000
-300000	-1300000
-100000	-1300000
-100000	-1100000
-500000	-1500000
-400000	-1100000
-600000	-1100000
-600000	-1300000
-400000	-1300000
-400000	-1100000
-500000	-1500000
-700000	-1100000
-900000	-1100000
-900000	-1300000
-700000	-1300000
-700000	-1100000
-500000	-1500000
-588784	-1524975
-593008	-1523475
-800000	-1450000
-800000	-1550000
-593008	-1525524
-593008	-1523475
-588784	-1524975
-500000	-1500000
-588634	-1599950
-593861	-1602951
-850000	-1750000
-750000	-1850000
-591812	-1605049
-593861	-1602951
-588634	-1599950
-500000	-1500000
-500025	-1600200
-501024	-1604196
-550000	-1800000
-450000	-1800000
-498975	-1604196
-501024	-1604196
-500025	-1600200
-500000	-1500000
-411215	-1575025
-407991	-1580524
-250000	-1850000
-150000	-1750000
-405967	-1578475
-407991	-1580524
-411215	-1575025
-500000	-1500000
-411215	-1475025
-406991	-1476524
-200000	-1550000
-200000	-1450000
-406991	-1474475
-406991	-1476524
-411215	-1475025
-500000	-1500000
-411365	-1400050
-406138	-1397049
-150000	-1250000
-250000	-1150000
-408187	-1394951
-406138	-1397049
-411365	-1400050
-500000	-1500000
-499975	-1399800
-498975	-1395804
-450000	-1200000
-550000	-1200000
-501024	-1395804
-498975	-1395804
-499975	-1399800
-500000	-1500000
-588784	-1424975
-592008	-1419475
-750000	-1150000
-850000	-1250000
-594032	-1421524
-592008	-1419475
-588784	-1424975
-500000	-1500000
0	0

500000	-1500000
300000	-1400000
100000	-1400000
100000	-1600000
300000	-1600000
300000	-1400000
500000	-1500000
300000	-1700000
100000	-1700000
100000	-1900000
300000	-1900000
300000	-1700000
500000	-1500000
600000	-1700000
400000	-1700000
400000	-1900000
600000	-1900000
600000	-1700000
500000	-1500000
900000	-1700000
700000	-1700000
700000	-1900000
900000	-1900000
900000	-1700000
500000	-1500000
900000	-1400000
700000	-1400000
700000	-1600000
900000	-1600000
900000	-1400000
500000	-1500000
900000	-1100000
700000	-1100000
700000	-1300000
900000	-1300000
900000	-1100000
500000	-1500000
600000	-1100000
400000	-1100000
400000	-1300000
600000	-1300000
600000	-1100000
500000	-1500000
300000	-1100000
100000	-1100000
100000	-1300000
300000	-1300000
300000	-1100000
500000	-1500000
411215	-1524975
406991	-1523475
200000	-1450000
200000	-1550000
406991	-1525524
406991	-1523475
411215	-1524975
500000	-1500000
411365	-1599950
406138	-1602951
150000	-1750000
250000	-1850000
408187	-1605049
406138	-1602951
411365	-1599950
500000	-1500000
499975	-1600200
498975	-1604196
450000	-1800000
550000	-1800000
501024	-1604196
498975	-1604196
499975	-1600200
500000	-1500000
588784	-1575025
592008	-1580524
750000	-1850000
850000	-1750000
594032	-1578475
592008	-1580524
588784	-1575025
500000	-1500000
588784	-1475025
593008	-1476524
800000	-1550000
800000	-1450000
593008	-1474475
593008	-1476524
588784	-1475025
500000	-1500000
588634	-1400050
593861	-1397049
850000	-1250000
750000	-1150000
591812	-1394951
593861	-1397049
588634	-1400050
500000	-1500000
500025	-1399800
501024	-1395804
550000	-1200000
450000	-1200000
498975	-1395804
501024	-1395804
500025	-1399800
500000	-1500000
411215	-1424975
407991	-1419475
250000	-1150000
150000	-1250000
405967	-1421524
407991	-1419475
411215	-1424975
500000	-1500000
0	0

1500000	-1500000
1300000	-1400000
1100000	-1400000
1100000	-1600000
1300000	-1600000
1300000	-1400000
1500000	-1500000
1300000	-1700000
1100000	-1700000
1100000	-1900000
1300000	-1900000
1300000	-1700000
1500000	-1500000
1600000	-1700000
1400000	-1700000
1400000	-1900000
1600000	-1900000
1600000	-1700000
1500000	-1500000
1900000	-1700000
1700000	-1700000
1700000	-1900000
1900000	-1900000
1900000	-1700000
1500000	-1500000
1900000	-1400000
1700000	-1400000
1700000	-1600000
1900000	-1600000
1900000	-1400000
1500000	-1500000
1900000	-1100000
1700000	-1100000
1700000	-1300000
1900000	-1300000
1900000	-1100000
1500000	-1500000
1600000	-1100000
1400000	-1100000
1400000	-1300000
1600000	-1300000
1600000	-1100000
1500000	-1500000
1300000	-1100000
1100000	-1100000
1100000	-1300000
1300000	-1300000
1300000	-1100000
1500000	-1500000
1497500	-1420000
1491550	-1420600
1200000	-1450000
1200000	-1550000
1496450	-1427500
1491550	-1420600
1497500	-1420000
1500000	-1500000
1480000	-1597500
1473400	-1600550
1150000	-1750000
1250000	-1850000
1475400	-1607450
1473400	-1600550
1480000	-1597500
1500000	-1500000
1497500	-1620000
1496550	-1623600
1450000	-1800000
1550000	-1800000
1503450	-1623600
1496550	-1623600
1497500	-1620000
1500000	-1500000
1520000	-1602500
1524600	-1607450
1750000	-1850000
1850000	-1750000
1526600	-1600550
1524600	-1607450
1520000	-1602500
1500000	-1500000
1502500	-1580000
1508450	-1579400
1800000	-1550000
1800000	-1450000
1503550	-1572500
1508450	-1579400
1502500	-1580000
1500000	-1500000
1520000	-1402500
1526600	-1399450
1850000	-1250000
1750000	-1150000
1524600	-1392550
1526600	-1399450
1520000	-1402500
1500000	-1500000
1502500	-1380000
1503450	-1376400
1550000	-1200000
1450000	-1200000
1496550	-1376400
1503450	-1376400
1502500	-1380000
1500000	-1500000
1480000	-1397500
1475400	-1392550
1250000	-1150000
1150000	-1250000
1473400	-1399450
1475400	-1392550
1480000	-1397500
1500000	-1500000
0	0

2500000	-1500000
2300000	-1400000
2100000	-1400000
2100000	-1600000
2300000	-1600000
2300000	-1400000
2500000	-1500000
2300000	-1700000
2100000	-1700000
2100000	-1900000
2300000	-1900000
2300000	-1700000
2500000	-1500000
2600000	-1700000
2400000	-1700000
2400000	-1900000
2600000	-1900000
2600000	-1700000
2500000	-1500000
2900000	-1700000
2700000	-1700000
2700000	-1900000
2900000	-1900000
2900000	-1700000
2500000	-1500000
2900000	-1400000
2700000	-1400000
2700000	-1600000
2900000	-1600000
2900000	-1400000
2500000	-1500000
2900000	-1100000
2700000	-1100000
2700000	-1300000
2900000	-1300000
2900000	-1100000
2500000	-1500000
2600000	-1100000
2400000	-1100000
2400000	-1300000
2600000	-1300000
2600000	-1100000
2500000	-1500000
2300000	-1100000
2100000	-1100000
2100000	-1300000
2300000	-1300000
2300000	-1100000
2500000	-1500000
2497500	-1450000
2491550	-1450000
2200000	-1450000
2200000	-1550000
2496450	-1456900
2491550	-1450000
2497500	-1450000
2500000	-1500000
2450000	-1597500
2444000	-1600550
2150000	-1750000
2250000	-1850000
2446000	-1607450
2444000	-1600550
2450000	-1597500
2500000	-1500000
2497500	-1650000
2496550	-1653000
2450000	-1800000
2550000	-1800000
2503450	-1653000
2496550	-1653000
2497500	-1650000
2500000	-1500000
2550000	-1602500
2554000	-1607450
2750000	-1850000
2850000	-1750000
2556000	-1600550
2554000	-1607450
2550000	-1602500
2500000	-1500000
2502500	-1550000
2508450	-1550000
2800000	-1550000
2800000	-1450000
2503550	-1543100
2508450	-1550000
2502500	-1550000
2500000	-1500000
2550000	-1402500
2556000	-1399450
2850000	-1250000
2750000	-1150000
2554000	-1392550
2556000	-1399450
2550000	-1402500
2500000	-1500000
2502500	-1350000
2503450	-1347000
2550000	-1200000
2450000	-1200000
2496550	-1347000
2503450	-1347000
2502500	-1350000
2500000	-1500000
2450000	-1397500
2446000	-1392550
2250000	-1150000
2150000	-1250000
2444000	-1399450
2446000	-1392550
2450000	-1397500
2500000	-1500000
0	0

-2500000	-2500000
-2700000	-2400000
-2900000	-2400000
-2900000	-2600000
-2700000	-2600000
-2700000	-2400000
-2500000	-2500000
-2700000	-2700000
-2900000	-2700000
-2900000	-2900000
-2700000	-2900000
-2700000	-2700000
-2500000	-2500000
-2400000	-2700000
-2600000	-2700000
-2600000	-2900000
-2400000	-2900000
-2400000	-2700000
-2500000	-2500000
-2100000	-2700000
-2300000	-2700000
-2300000	-2900000
-2100000	-2900000
-2100000	-2700000
-2500000	-2500000
-2100000	-2400000
-2300000	-2400000
-2300000	-2600000
-2100000	-2600000
-2100000	-2400000
-2500000	-2500000
-2100000	-2100000
-2300000	-2100000
-2300000	-2300000
-2100000	-2300000
-2100000	-2100000
-2500000	-2500000
-2400000	-2100000
-2600000	-2100000
-2600000	-2300000
-2400000	-2300000
-2400000	-2100000
-2500000	-2500000
-2700000	-2100000
-2900000	-2100000
-2900000	-2300000
-2700000	-2300000
-2700000	-2100000
-2500000	-2500000
-2538809	-2524975
-2544032	-2523475
-2800000	-2450000
-2800000	-2550000
-2544032	-2525524
-2544032	-2523475
-2538809	-2524975
-2500000	-2500000
-2538659	-2599925
-2544885	-2602926
-2850000	-2750000
-2750000	-2850000
-2542812	-2605073
-2544885	-2602926
-2538659	-2599925
-2500000	-2500000
-2500025	-2600225
-2501024	-2604220
-2550000	-2800000
-2450000	-2800000
-2498975	-2604220
-2501024	-2604220
-2500025	-2600225
-2500000	-2500000
-2461190	-2575025
-2456967	-2580524
-2250000	-2850000
-2150000	-2750000
-2454942	-2578475
-2456967	-2580524
-2461190	-2575025
-2500000	-2500000
-2461190	-2475025
-2455967	-2476524
-2200000	-2550000
-2200000	-2450000
-2455967	-2474475
-2455967	-2476524
-2461190	-2475025
-2500000	-2500000
-2461340	-2400075
-2455114	-2397073
-2150000	-2250000
-2250000	-2150000
-2457187	-2394926
-2455114	-2397073
-2461340	-2400075
-2500000	-2500000
-2499975	-2399775
-2498975	-2395779
-2450000	-2200000
-2550000	-2200000
-2501024	-2395779
-2498975	-2395779
-2499975	-2399775
-2500000	-2500000
-2538809	-2424975
-2543032	-2419475
-2750000	-2150000
-2850000	-2250000
-2545057	-2421524
-2543032	-2419475
-2538809	-2424975
-2500000	-2500000
0	0

-1500000	-2500000
-1700000	-2400000
-1900000	-2400000
-1900000	-2600000
-1700000	-2600000
-1700000	-2400000
-1500000	-2500000
-1700000	-2700000
-1900000	-2700000
-1900000	-2900000
-1700000	-2900000
-1700000	-2700000
-1500000	-2500000
-1400000	-2700000
-1600000	-2700000
-1600000	-2900000
-1400000	-2900000
-1400000	-2700000
-1500000	-2500000
-1100000	-2700000
-1300000	-2700000
-1300000	-2900000
-1100000	-2900000
-1100000	-2700000
-1500000	-2500000
-1100000	-2400000
-1300000	-2400000
-1300000	-2600000
-1100000	-2600000
-1100000	-2400000
-1500000	-2500000
-1100000	-2100000
-1300000	-2100000
-1300000	-2300000
-1100000	-2300000
-1100000	-2100000
-1500000	-2500000
-1400000	-2100000
-1600000	-2100000
-1600000	-2300000
-1400000	-2300000
-1400000	-2100000
-1500000	-2500000
-1700000	-2100000
-1900000	-2100000
-1900000	-2300000
-1700000	-2300000
-1700000	-2100000
-1500000	-2500000
-1538809	-2524975
-1544032	-2523475
-1800000	-2450000
-1800000	-2550000
-1544032	-2525524
-1544032	-2523475
-1538809	-2524975
-1500000	-2500000
-1538659	-2599925
-1544885	-2602926
-1850000	-2750000
-1750000	-2850000
-1542812	-2605073
-1544885	-2602926
-1538659	-2599925
-1500000	-2500000
-1500025	-2600225
-1501024	-2604220
-1550000	-2800000
-1450000	-2800000
-1498975	-2604220
-1501024	-2604220
-1500025	-2600225
-1500000	-2500000
-1461190	-2575025
-1456967	-2580524
-1250000	-2850000
-1150000	-2750000
-1454942	-2578475
-1456967	-2580524
-1461190	-2575025
-1500000	-2500000
-1461190	-2475025
-1455967	-2476524
-1200000	-2550000
-1200000	-2450000
-1455967	-2474475
-1455967	-2476524
-1461190	-2475025
-1500000	-2500000
-1461340	-2400075
-1455114	-2397073
-1150000	-2250000
-1250000	-2150000
-1457187	-2394926
-1455114	-2397073
-1461340	-2400075
-1500000	-2500000
-1499975	-2399775
-1498975	-2395779
-1450000	-2200000
-1550000	-2200000
-1501024	-2395779
-1498975	-2395779
-1499975	-2399775
-1500000	-2500000
-1538809	-2424975
-1543032	-2419475
-1750000	-2150000
-1850000	-2250000
-1545057	-2421524
-1543032	-2419475
-1538809	-2424975
-1500000	-2500000
0	0

-500000	-2500000
-700000	-2400000
-900000	-2400000
-900000	-2600000
-700000	-2600000
-700000	-2400000
-500000	-2500000
-700000	-2700000
-900000	-2700000
-900000	-2900000
-700000	-2900000
-700000	-2700000
-500000	-2500000
-400000	-2700000
-600000	-2700000
-600000	-2900000
-400000	-2900000
-400000	-2700000
-500000	-2500000
-100000	-2700000
-300000	-2700000
-300000	-2900000
-100000	-2900000
-100000	-2700000
-500000	-2500000
-100000	-2400000
-300000	-2400000
-300000	-2600000
-100000	-2600000
-100000	-2400000
-500000	-2500000
-100000	-2100000
-300000	-2100000
-300000	-2300000
-100000	-2300000
-100000	-2100000
-500000	-2500000
-400000	-2100000
-600000	-2100000
-600000	-2300000
-400000	-2300000
-400000	-2100000
-500000	-2500000
-700000	-2100000
-900000	-2100000
-900000	-2300000
-700000	-2300000
-700000	-2100000
-500000	-2500000
-588809	-2524975
-593032	-2523475
-800000	-2450000
-800000	-2550000
-593032	-2525524
-593032	-2523475
-588809	-2524975
-500000	-2500000
-588659	-2599925
-593885	-2602926
-850000	-2750000
-750000	-2850000
-591812	-2605073
-593885	-2602926
-588659	-2599925
-500000	-2500000
-500025	-2600225
-501024	-2604220
-550000	-2800000
-450000	-2800000
-498975	-2604220
-501024	-2604220
-500025	-2600225
-500000	-2500000
-411190	-2575025
-407967	-2580524
-250000	-2850000
-150000	-2750000
-405942	-2578475
-407967	-2580524
-411190	-2575025
-500000	-2500000
-411190	-2475025
-406967	-2476524
-200000	-2550000
-200000	-2450000
-406967	-2474475
-406967	-2476524
-411190	-2475025
-500000	-2500000
-411340	-2400075
-406114	-2397073
-150000	-2250000
-250000	-2150000
-408187	-2394926
-406114	-2397073
-411340	-2400075
-500000	-2500000
-499975	-2399775
-498975	-2395779
-450000	-2200000
-550000	-2200000
-501024	-2395779
-498975	-2395779
-499975	-2399775
-500000	-2500000
-588809	-2424975
-592032	-2419475
-750000	-2150000
-850000	-2250000
-594057	-2421524
-592032	-2419475
-588809	-2424975
-500000	-2500000
0	0

500000	-2500000
300000	-2400000
100000	-2400000
100000	-2600000
300000	-2600000
300000	-2400000
500000	-2500000
300000	-2700000
100000	-2700000
100000	-2900000
300000	-2900000
300000	-2700000
500000	-2500000
600000	-2700000
400000	-2700000
400000	-2900000
600000	-2900000
600000	-2700000
500000	-2500000
900000	-2700000
700000	-2700000
700000	-2900000
900000	-2900000
900000	-2700000
500000	-2500000
900000	-2400000
700000	-2400000
700000	-2600000
900000	-2600000
900000	-2400000
500000	-2500000
900000	-2100000
700000	-2100000
700000	-2300000
900000	-2300000
900000	-2100000
500000	-2500000
600000	-2100000
400000	-2100000
400000	-2300000
600000	-2300000
600000	-2100000
500000	-2500000
300000	-2100000
100000	-2100000
100000	-2300000
300000	-2300000
300000	-2100000
500000	-2500000
411190	-2524975
406967	-2523475
200000	-2450000
200000	-2550000
406967	-2525524
406967	-2523475
411190	-2524975
500000	-2500000
411340	-2599925
406114	-2602926
150000	-2750000
250000	-2850000
408187	-2605073
406114	-2602926
411340	-2599925
500000	-2500000
499975	-2600225
498975	-2604220
450000	-2800000
550000	-2800000
501024	-2604220
498975	-2604220
499975	-2600225
500000	-2500000
588809	-2575025
592032	-2580524
750000	-2850000
850000	-2750000
594057	-2578475
592032	-2580524
588809	-2575025
500000	-2500000
588809	-2475025
593032	-2476524
800000	-2550000
800000	-2450000
593032	-2474475
593032	-2476524
588809	-2475025
500000	-2500000
588659	-2400075
593885	-2397073
850000	-2250000
750000	-2150000
591812	-2394926
593885	-2397073
588659	-2400075
500000	-2500000
500025	-2399775
501024	-2395779
550000	-2200000
450000	-2200000
498975	-2395779
501024	-2395779
500025	-2399775
500000	-2500000
411190	-2424975
407967	-2419475
250000	-2150000
150000	-2250000
405942	-2421524
407967	-2419475
411190	-2424975
500000	-2500000
0	0

1500000	-2500000
1300000	-2400000
1100000	-2400000
1100000	-2600000
1300000	-2600000
1300000	-2400000
1500000	-2500000
1300000	-2700000
1100000	-2700000
1100000	-2900000
1300000	-2900000
1300000	-2700000
1500000	-2500000
1600000	-2700000
1400000	-2700000
1400000	-2900000
1600000	-2900000
1600000	-2700000
1500000	-2500000
1900000	-2700000
1700000	-2700000
1700000	-2900000
1900000	-2900000
1900000	-2700000
1500000	-2500000
1900000	-2400000
1700000	-2400000
1700000	-2600000
1900000	-2600000
1900000	-2400000
1500000	-2500000
1900000	-2100000
1700000	-2100000
1700000	-2300000
1900000	-2300000
1900000	-2100000
1500000	-2500000
1600000	-2100000
1400000	-2100000
1400000	-2300000
1600000	-2300000
1600000	-2100000
1500000	-2500000
1300000	-2100000
1100000	-2100000
1100000	-2300000
1300000	-2300000
1300000	-2100000
1500000	-2500000
1495000	-2420000
1489100	-2420600
1200000	-2450000
1200000	-2550000
1498900	-2432400
1489100	-2420600
1495000	-2420000
1500000	-2500000
1480000	-2595000
1473400	-2598100
1150000	-2750000
1250000	-2850000
1475400	-2609900
1473400	-2598100
1480000	-2595000
1500000	-2500000
1495000	-2620000
1494100	-2623600
1450000	-2800000
1550000	-2800000
1505900	-2623600
1494100	-2623600
1495000	-2620000
1500000	-2500000
1520000	-2605000
1524600	-2609900
1750000	-2850000
1850000	-2750000
1526600	-2598100
1524600	-2609900
1520000	-2605000
1500000	-2500000
1505000	-2580000
1510900	-2579400
1800000	-2550000
1800000	-2450000
1501100	-2567600
1510900	-2579400
1505000	-2580000
1500000	-2500000
1520000	-2405000
1526600	-2401900
1850000	-2250000
1750000	-2150000
1524600	-2390100
1526600	-2401900
1520000	-2405000
1500000	-2500000
1505000	-2380000
1505900	-2376400
1550000	-2200000
1450000	-2200000
1494100	-2376400
1505900	-2376400
1505000	-2380000
1500000	-2500000
1480000	-2395000
1475400	-2390100
1250000	-2150000
1150000	-2250000
1473400	-2401900
1475400	-2390100
1480000	-2395000
1500000	-2500000
0	0

2500000	-2500000
2300000	-2400000
2100000	-2400000
2100000	-2600000
2300000	-2600000
2300000	-2400000
2500000	-2500000
2300000	-2700000
2100000	-2700000
2100000	-2900000
2300000	-2900000
2300000	-2700000
2500000	-2500000
2600000	-2700000
2400000	-2700000
2400000	-2900000
2600000	-2900000
2600000	-2700000
2500000	-2500000
2900000	-2700000
2700000	-2700000
2700000	-2900000
2900000	-2900000
2900000	-2700000
2500000	-2500000
2900000	-2400000
2700000	-2400000
2700000	-2600000
2900000	-2600000
2900000	-2400000
2500000	-2500000
2900000	-2100000
2700000	-2100000
2700000	-2300000
2900000	-2300000
2900000	-2100000
2500000	-2500000
2600000	-2100000
2400000	-2100000
2400000	-2300000
2600000	-2300000
2600000	-2100000
2500000	-2500000
2300000	-2100000
2100000	-2100000
2100000	-2300000
2300000	-2300000
2300000	-2100000
2500000	-2500000
2495000	-2450000
2489100	-2450000
2200000	-2450000
2200000	-2550000
2498900	-2461800
2489100	-2450000
2495000	-2450000
2500000	-2500000
2450000	-2595000
2444000	-2598100
2150000	-2750000
2250000	-2850000
2446000	-2609900
2444000	-2598100
2450000	-2595000
2500000	-2500000
2495000	-2650000
2494100	-2653000
2450000	-2800000
2550000	-2800000
2505900	-2653000
2494100	-2653000
2495000	-2650000
2500000	-2500000
2550000	-2605000
2554000	-2609900
2750000	-2850000
2850000	-2750000
2556000	-2598100
2554000	-2609900
2550000	-2605000
2500000	-2500000
2505000	-2550000
2510900	-2550000
2800000	-2550000
2800000	-2450000
2501100	-2538200
2510900	-2550000
2505000	-2550000
2500000	-2500000
2550000	-2405000
2556000	-2401900
2850000	-2250000
2750000	-2150000
2554000	-2390100
2556000	-2401900
2550000	-2405000
2500000	-2500000
2505000	-2350000
2505900	-2347000
2550000	-2200000
2450000	-2200000
2494100	-2347000
2505900	-2347000
2505000	-2350000
2500000	-2500000
2450000	-2395000
2446000	-2390100
2250000	-2150000
2150000	-2250000
2444000	-2401900
2446000	-2390100
2450000	-2395000
2500000	-2500000
0	0

-2500000	-3500000
-2700000	-3400000
-2900000	-3400000
-2900000	-3600000
-2700000	-3600000
-2700000	-3400000
-2500000	-3500000
-2700000	-3700000
-2900000	-3700000
-2900000	-3900000
-2700000	-3900000
-2700000	-3700000
-2500000	-3500000
-2400000	-3700000
-2600000	-3700000
-2600000	-3900000
-2400000	-3900000
-2400000	-3700000
-2500000	-3500000
-2100000	-3700000
-2300000	-3700000
-2300000	-3900000
-2100000	-3900000
-2100000	-3700000
-2500000	-3500000
-2100000	-3400000
-2300000	-3400000
-2300000	-3600000
-2100000	-3600000
-2100000	-3400000
-2500000	-3500000
-2100000	-3100000
-2300000	-3100000
-2300000	-3300000
-2100000	-3300000
-2100000	-3100000
-2500000	-3500000
-2400000	-3100000
-2600000	-3100000
-2600000	-3300000
-2400000	-3300000
-2400000	-3100000
-2500000	-3500000
-2700000	-3100000
-2900000	-3100000
-2900000	-3300000
-2700000	-3300000
-2700000	-3100000
-2500000	-3500000
-2538834	-3524975
-2544057	-3523475
-2800000	-3450000
-2800000	-3550000
-2544057	-3525524
-2544057	-3523475
-2538834	-3524975
-2500000	-3500000
-2538684	-3599900
-2544910	-3602902
-2850000	-3750000
-2750000	-3850000
-2542812	-3605098
-2544910	-3602902
-2538684	-3599900
-2500000	-3500000
-2500025	-3600250
-2501024	-3604245
-2550000	-3800000
-2450000	-3800000
-2498975	-3604245
-2501024	-3604245
-2500025	-3600250
-2500000	-3500000
-2461165	-3575025
-2456942	-3580524
-2250000	-3850000
-2150000	-3750000
-2454918	-3578475
-2456942	-3580524
-2461165	-3575025
-2500000	-3500000
-2461165	-3475025
-2455942	-3476524
-2200000	-3550000
-2200000	-3450000
-2455942	-3474475
-2455942	-3476524
-2461165	-3475025
-2500000	-3500000
-2461315	-3400100
-2455089	-3397098
-2150000	-3250000
-2250000	-3150000
-2457187	-3394902
-2455089	-3397098
-2461315	-3400100
-2500000	-3500000
-2499975	-3399750
-2498975	-3395755
-2450000	-3200000
-2550000	-3200000
-2501024	-3395755
-2498975	-3395755
-2499975	-3399750
-2500000	-3500000
-2538834	-3424975
-2543057	-3419475
-2750000	-3150000
-2850000	-3250000
-2545081	-3421524
-2543057	-3419475
-2538834	-3424975
-2500000	-3500000
0	0

-1500000	-3500000
-1700000	-3400000
-1900000	-3400000
-1900000	-3600000
-1700000	-3600000
-1700000	-3400000
-1500000	-3500000
-1700000	-3700000
-1900000	-3700000
-1900000	-3900000
-1700000	-3900000
-1700000	-3700000
-1500000	-3500000
-1400000	-3700000
-1600000	-3700000
-1600000	-3900000
-1400000	-3900000
-1400000	-3700000
-1500000	-3500000
-1100000	-3700000
-1300000	-3700000
-1300000	-3900000
-1100000	-3900000
-1100000	-3700000
-1500000	-3500000
-1100000	-3400000
-1300000	-3400000
-1300000	-3600000
-1100000	-3600000
-1100000	-3400000
-1500000	-3500000
-1100000	-3100000
-1300000	-3100000
-1300000	-3300000
-1100000	-3300000
-1100000	-3100000
-1500000	-3500000
-1400000	-3100000
-1600000	-3100000
-1600000	-3300000
-1400000	-3300000
-1400000	-3100000
-1500000	-3500000
-1700000	-3100000
-1900000	-3100000
-1900000	-3300000
-1700000	-3300000
-1700000	-3100000
-1500000	-3500000
-1538834	-3524975
-1544057	-3523475
-1800000	-3450000
-1800000	-3550000
-1544057	-3525524
-1544057	-3523475
-1538834	-3524975
-1500000	-3500000
-1538684	-3599900
-1544910	-3602902
-1850000	-3750000
-1750000	-3850000
-1542812	-3605098
-1544910	-3602902
-1538684	-3599900
-1500000	-3500000
-1500025	-3600250
-1501024	-3604245
-1550000	-3800000
-1450000	-3800000
-1498975	-3604245
-1501024	-3604245
-1500025	-3600250
-1500000	-3500000
-1461165	-3575025
-1456942	-3580524
-1250000	-3850000
-1150000	-3750000
-1454918	-3578475
-1456942	-3580524
-1461165	-3575025
-1500000	-3500000
-1461165	-3475025
-1455942	-3476524
-1200000	-3550000
-1200000	-3450000
-1455942	-3474475
-1455942	-3476524
-1461165	-3475025
-1500000	-3500000
-1461315	-3400100
-1455089	-3397098
-1150000	-3250000
-1250000	-3150000
-1457187	-3394902
-1455089	-3397098
-1461315	-3400100
-1500000	-3500000
-1499975	-3399750
-1498975	-3395755
-1450000	-3200000
-1550000	-3200000
-1501024	-3395755
-1498975	-3395755
-1499975	-3399750
-1500000	-3500000
-1538834	-3424975
-1543057	-3419475
-1750000	-3150000
-1850000	-3250000
-1545081	-3421524
-1543057	-3419475
-1538834	-3424975
-1500000	-3500000
0	0

-500000	-3500000
-700000	-3400000
-900000	-3400000
-900000	-3600000
-700000	-3600000
-700000	-3400000
-500000	-3500000
-700000	-3700000
-900000	-3700000
-900000	-3900000
-700000	-3900000
-700000	-3700000
-500000	-3500000
-400000	-3700000
-600000	-3700000
-600000	-3900000
-400000	-3900000
-400000	-3700000
-500000	-3500000
-100000	-3700000
-300000	-3700000
-300000	-3900000
-100000	-3900000
-100000	-3700000
-500000	-3500000
-100000	-3400000
-300000	-3400000
-300000	-3600000
-100000	-3600000
-100000	-3400000
-500000	-3500000
-100000	-3100000
-300000	-3100000
-300000	-3300000
-100000	-3300000
-100000	-3100000
-500000	-3500000
-400000	-3100000
-600000	-3100000
-600000	-3300000
-400000	-3300000
-400000	-3100000
-500000	-3500000
-700000	-3100000
-900000	-3100000
-900000	-3300000
-700000	-3300000
-700000	-3100000
-500000	-3500000
-588834	-3524975
-593057	-3523475
-800000	-3450000
-800000	-3550000
-593057	-3525524
-593057	-3523475
-588834	-3524975
-500000	-3500000
-588684	-3599900
-593910	-3602902
-850000	-3750000
-750000	-3850000
-591812	-3605098
-593910	-3602902
-588684	-3599900
-500000	-3500000
-500025	-3600250
-501024	-3604245
-550000	-3800000
-450000	-3800000
-498975	-3604245
-501024	-3604245
-500025	-3600250
-500000	-3500000
-411165	-3575025
-407942	-3580524
-250000	-3850000
-150000	-3750000
-405918	-3578475
-407942	-3580524
-411165	-3575025
-500000	-3500000
-411165	-3475025
-406942	-3476524
-200000	-3550000
-200000	-3450000
-406942	-3474475
-406942	-3476524
-411165	-3475025
-500000	-3500000
-411315	-3400100
-406089	-3397098
-150000	-3250000
-250000	-3150000
-408187	-3394902
-406089	-3397098
-411315	-3400100
-500000	-3500000
-499975	-3399750
-498975	-3395755
-450000	-3200000
-550000	-3200000
-501024	-3395755
-498975	-3395755
-499975	-3399750
-500000	-3500000
-588834	-3424975
-592057	-3419475
-750000	-3150000
-850000	-3250000
-594081	-3421524
-592057	-3419475
-588834	-3424975
-500000	-3500000
0	0

500000	-3500000
300000	-3400000
100000	-3400000
100000	-3600000
300000	-3600000
300000	-3400000
500000	-3500000
300000	-3700000
100000	-3700000
100000	-3900000
300000	-3900000
300000	-3700000
500000	-3500000
600000	-3700000
400000	-3700000
400000	-3900000
600000	-3900000
600000	-3700000
500000	-3500000
900000	-3700000
700000	-3700000
700000	-3900000
900000	-3900000
900000	-3700000
500000	-3500000
900000	-3400000
700000	-3400000
700000	-3600000
900000	-3600000
900000	-3400000
500000	-3500000
900000	-3100000
700000	-3100000
700000	-3300000
900000	-3300000
900000	-3100000
500000	-3500000
600000	-3100000
400000	-3100000
400000	-3300000
600000	-3300000
600000	-3100000
500000	-3500000
300000	-3100000
100000	-3100000
100000	-3300000
300000	-3300000
300000	-3100000
500000	-3500000
411165	-3524975
406942	-3523475
200000	-3450000
200000	-3550000
406942	-3525524
406942	-3523475
411165	-3524975
500000	-3500000
411315	-3599900
406089	-3602902
150000	-3750000
250000	-3850000
408187	-3605098
406089	-3602902
411315	-3599900
500000	-3500000
499975	-3600250
498975	-3604245
450000	-3800000
550000	-3800000
501024	-3604245
498975	-3604245
499975	-3600250
500000	-3500000
588834	-3575025
592057	-3580524
750000	-3850000
850000	-3750000
594081	-3578475
592057	-3580524
588834	-3575025
500000	-3500000
588834	-3475025
593057	-3476524
800000	-3550000
800000	-3450000
593057	-3474475
593057	-3476524
588834	-3475025
500000	-3500000
588684	-3400100
593910	-3397098
850000	-3250000
750000	-3150000
591812	-3394902
593910	-3397098
588684	-3400100
500000	-3500000
500025	-3399750
501024	-3395755
550000	-3200000
450000	-3200000
498975	-3395755
501024	-3395755
500025	-3399750
500000	-3500000
411165	-3424975
407942	-3419475
250000	-3150000
150000	-3250000
405918	-3421524
407942	-3419475
411165	-3424975
500000	-3500000
0	0

1500000	-3500000
1300000	-3400000
1100000	-3400000
1100000	-3600000
1300000	-3600000
1300000	-3400000
1500000	-3500000
1300000	-3700000
1100000	-3700000
1100000	-3900000
1300000	-3900000
1300000	-3700000
1500000	-3500000
1600000	-3700000
1400000	-3700000
1400000	-3900000
1600000	-3900000
1600000	-3700000
1500000	-3500000
1900000	-3700000
1700000	-3700000
1700000	-3900000
1900000	-3900000
1900000	-3700000
1500000	-3500000
1900000	-3400000
1700000	-3400000
1700000	-3600000
1900000	-3600000
1900000	-3400000
1500000	-3500000
1900000	-3100000
1700000	-3100000
1700000	-3300000
1900000	-3300000
1900000	-3100000
1500000	-3500000
1600000	-3100000
1400000	-3100000
1400000	-3300000
1600000	-3300000
1600000	-3100000
1500000	-3500000
1300000	-3100000
1100000	-3100000
1100000	-3300000
1300000	-3300000
1300000	-3100000
1500000	-3500000
1490000	-3420000
1484200	-3420600
1200000	-3450000
1200000	-3550000
1503800	-3442200
1484200	-3420600
1490000	-3420000
1500000	-3500000
1480000	-3590000
1473400	-3593200
1150000	-3750000
1250000	-3850000
1475400	-3614800
1473400	-3593200
1480000	-3590000
1500000	-3500000
1490000	-3620000
1489200	-3623600
1450000	-3800000
1550000	-3800000
1510800	-3623600
1489200	-3623600
1490000	-3620000
1500000	-3500000
1520000	-3610000
1524600	-3614800
1750000	-3850000
1850000	-3750000
1526600	-3593200
1524600	-3614800
1520000	-3610000
1500000	-3500000
1510000	-3580000
1515800	-3579400
1800000	-3550000
1800000	-3450000
1496200	-3557800
1515800	-3579400
1510000	-3580000
1500000	-3500000
1520000	-3410000
1526600	-3406800
1850000	-3250000
1750000	-3150000
1524600	-3385200
1526600	-3406800
1520000	-3410000
1500000	-3500000
1510000	-3380000
1510800	-3376400
1550000	-3200000
1450000	-3200000
1489200	-3376400
1510800	-3376400
1510000	-3380000
1500000	-3500000
1480000	-3390000
1475400	-3385200
1250000	-3150000
1150000	-3250000
1473400	-3406800
1475400	-3385200
1480000	-3390000
1500000	-3500000
0	0

2500000	-3500000
2300000	-3400000
2100000	-3400000
2100000	-3600000
2300000	-3600000
2300000	-3400000
2500000	-3500000
2300000	-3700000
2100000	-3700000
2100000	-3900000
2300000	-3900000
2300000	-3700000
2500000	-3500000
2600000	-3700000
2400000	-3700000
2400000	-3900000
2600000	-3900000
2600000	-3700000
2500000	-3500000
2900000	-3700000
2700000	-3700000
2700000	-3900000
2900000	-3900000
2900000	-3700000
2500000	-3500000
2900000	-3400000
2700000	-3400000
2700000	-3600000
2900000	-3600000
2900000	-3400000
2500000	-3500000
2900000	-3100000
2700000	-3100000
2700000	-3300000
2900000	-3300000
2900000	-3100000
2500000	-3500000
2600000	-3100000
2400000	-3100000
2400000	-3300000
2600000	-3300000
2600000	-3100000
2500000	-3500000
2300000	-3100000
2100000	-3100000
2100000	-3300000
2300000	-3300000
2300000	-3100000
2500000	-3500000
2490000	-3450000
2484200	-3450000
2200000	-3450000
2200000	-3550000
2503800	-3471600
2484200	-3450000
2490000	-3450000
2500000	-3500000
2450000	-3590000
2444000	-3593200
2150000	-3750000
2250000	-3850000
2446000	-3614800
2444000	-3593200
2450000	-3590000
2500000	-3500000
2490000	-3650000
2489200	-3653000
2450000	-3800000
2550000	-3800000
2510800	-3653000
2489200	-3653000
2490000	-3650000
2500000	-3500000
2550000	-3610000
2554000	-3614800
2750000	-3850000
2850000	-3750000
2556000	-3593200
2554000	-3614800
2550000	-3610000
2500000	-3500000
2510000	-3550000
2515800	-3550000
2800000	-3550000
2800000	-3450000
2496200	-3528400
2515800	-3550000
2510000	-3550000
2500000	-3500000
2550000	-3410000
2556000	-3406800
2850000	-3250000
2750000	-3150000
2554000	-3385200
2556000	-3406800
2550000	-3410000
2500000	-3500000
2510000	-3350000
2510800	-3347000
2550000	-3200000
2450000	-3200000
2489200	-3347000
2510800	-3347000
2510000	-3350000
2500000	-3500000
2450000	-3390000
2446000	-3385200
2250000	-3150000
2150000	-3250000
2444000	-3406800
2446000	-3385200
2450000	-3390000
2500000	-3500000
0	0

